#minMemory=32768 maxMemory=536870912 minThreads=1 maxThreads=8 writing to log band=0 lat=1
#increaseArray=0.925000 timestep=0.250000 cacheSize=32768 cacheLineSize=128
#affinity=0 affinity_wide=0
#numPages=8
ar= 524288.00   32.89   32.89   17.35   34.69   15.70   62.81   12.34   98.72 
ar= 484966.40   32.88   32.88   16.11   32.22   15.61   62.43   10.28   82.23 
ar= 448593.91   32.87   32.87   16.12   32.24   15.60   62.42   10.18   81.47 
ar= 414949.37   32.97   32.97   16.12   32.25   15.61   62.45   10.21   81.65 
ar= 383828.16   32.91   32.91   16.14   32.29   15.63   62.52   10.15   81.22 
ar= 355041.05   32.91   32.91   16.39   32.79   15.73   62.91   10.18   81.46 
ar= 328412.96   32.94   32.94   16.08   32.16   15.67   62.69   10.24   81.88 
ar= 303781.98   33.01   33.01   16.17   32.33   15.66   62.65   10.87   86.99 
ar= 280998.33   32.96   32.96   16.15   32.30   15.60   62.42   10.25   82.03 
ar= 259923.45   32.97   32.97   16.20   32.40   15.68   62.72   10.39   83.14 
ar= 240429.19   32.97   32.97   16.16   32.33   15.56   62.25   10.12   80.98 
ar= 222396.99   34.57   34.57   16.68   33.36   15.66   62.64   10.30   82.40 
ar= 205717.21   32.99   32.99   16.68   33.35   15.77   63.06   10.22   81.73 
ar= 190288.41   33.03   33.03   16.15   32.30   15.64   62.56   10.35   82.84 
ar= 176016.78   32.99   32.99   16.14   32.27   15.65   62.62   10.35   82.83 
ar= 162815.52   33.04   33.04   16.33   32.65   15.63   62.54   10.36   82.91 
ar= 150604.35   33.01   33.01   16.08   32.16   15.62   62.47   10.48   83.81 
ar= 139309.02   32.99   32.99   16.13   32.27   15.64   62.54   10.39   83.12 
ar= 128860.84   32.96   32.96   16.13   32.26   15.61   62.46   10.27   82.19 
ar= 119196.27   34.11   34.11   16.12   32.25   15.74   62.96   10.22   81.72 
ar= 110256.55   33.14   33.14   16.14   32.29   15.72   62.90   10.21   81.64 
ar= 101987.30   33.17   33.17   16.15   32.30   15.78   63.13   11.39   91.08 
ar= 94338.25   33.16   33.16   16.08   32.15   15.69   62.75   10.47   83.79 
ar= 87262.88   33.16   33.16   16.10   32.21   15.62   62.46   10.25   82.02 
ar= 80718.16   33.19   33.19   16.14   32.27   15.60   62.39   10.21   81.70 
ar= 74664.29   33.08   33.08   16.17   32.33   15.61   62.44   10.21   81.68 
ar= 69064.46   33.07   33.07   16.14   32.27   15.61   62.45   10.18   81.43 
ar= 63884.62   33.17   33.17   16.12   32.25   15.56   62.22   10.19   81.48 
ar= 59093.27   33.18   33.18   16.07   32.14   15.68   62.72   10.15   81.19 
ar= 54661.27   33.14   33.14   16.07   32.14   15.61   62.45   10.20   81.62 
ar= 50561.67   33.18   33.18   16.11   32.22   15.53   62.14   10.09   80.68 
ar= 46769.54   34.10   34.10   16.13   32.25   15.58   62.32    9.82   78.54 
ar= 43261.82   33.21   33.21   16.08   32.15   15.68   62.72    9.46   75.70 
ar= 40017.18   33.20   33.20   16.13   32.25   15.65   62.58    7.15   57.23 
ar= 37015.89   33.13   33.13   16.39   32.78   15.62   62.48    5.45   43.61 
ar= 34239.70   33.16   33.16   16.13   32.25   15.63   62.50    4.92   39.35 
ar= 31671.71   33.21   33.21   16.22   32.45   15.41   61.65    4.49   35.89 
ar= 29296.33   32.81   32.81   15.84   31.68   15.50   62.02    3.91   31.24 
ar= 27099.10   32.28   32.28   15.49   30.98   14.94   59.75    3.59   28.70 
ar= 25066.66   30.75   30.75   14.66   29.32    6.88   27.53    2.78   22.27 
ar= 23186.66   28.40   28.40   13.05   26.09    5.77   23.08    2.60   20.82 
ar= 21447.66   24.64   24.64   10.20   20.39    6.95   27.80    2.46   19.69 
ar= 19839.09   20.16   20.16    8.96   17.92    6.19   24.78    2.17   17.38 
ar= 18351.15   16.80   16.80    8.66   17.32    4.70   18.82    1.91   15.25 
ar= 16974.80   15.01   15.01    7.67   15.34    5.92   23.69    1.75   14.01 
ar= 15701.69   13.13   13.13    7.15   14.30    5.64   22.55    1.63   13.06 
ar= 14524.05   12.61   12.61    6.49   12.98    3.34   13.37    1.56   12.52 
ar= 13434.75   11.52   11.52    6.02   12.05    3.17   12.68    1.44   11.55 
ar= 12427.14   10.40   10.40    5.59   11.17    2.94   11.75    1.45   11.62 
ar= 11495.10    9.18    9.18    4.70    9.41    2.61   10.44    1.37   10.94 
ar= 10632.97    8.19    8.19    4.57    9.15    2.41    9.64    1.27   10.14 
ar=  9835.49    7.12    7.12    3.94    7.87    2.19    8.77    1.26   10.06 
ar=  9097.83    6.82    6.82    3.65    7.30    2.03    8.13    1.13    9.04 
ar=  8415.48    6.81    6.81    3.44    6.88    1.93    7.71    1.06    8.45 
ar=  7784.32    6.70    6.70    3.31    6.62    1.82    7.26    1.04    8.33 
ar=  7200.49    5.52    5.52    3.55    7.09    1.71    6.83    1.01    8.09 
ar=  6660.45    5.81    5.81    2.78    5.56    1.48    5.93    0.94    7.48 
ar=  6160.91    5.34    5.34    3.05    6.09    1.62    6.49    0.98    7.82 
ar=  5698.84    5.34    5.34    3.03    6.06    1.47    5.89    0.92    7.39 
ar=  5271.43    5.29    5.29    2.78    5.55    1.48    5.91    0.89    7.14 
ar=  4876.07    5.31    5.31    2.75    5.49    1.47    5.89    0.85    6.80 
ar=  4510.36    5.32    5.32    2.79    5.58    1.46    5.83    0.84    6.73 
ar=  4172.08    5.32    5.32    2.72    5.43    1.45    5.80    0.87    6.93 
ar=  3859.17    5.34    5.34    2.72    5.43    1.47    5.89    0.84    6.70 
ar=  3569.73    5.29    5.29    2.78    5.56    1.45    5.81    0.83    6.64 
ar=  3301.99    5.28    5.28    2.71    5.41    1.46    5.85    0.83    6.62 
ar=  3054.34    5.28    5.28    2.76    5.53    1.44    5.78    0.84    6.72 
ar=  2825.26    5.28    5.28    2.74    5.47    1.45    5.78    0.82    6.55 
ar=  2613.36    5.28    5.28    2.71    5.41    1.45    5.79    0.82    6.54 
ar=  2417.35    5.30    5.30    2.79    5.57    1.47    5.90    0.83    6.65 
ar=  2236.05    5.24    5.24    2.72    5.45    1.44    5.75    0.82    6.52 
ar=  2068.34    5.24    5.24    2.78    5.55    1.46    5.83    0.82    6.56 
ar=  1913.20    5.24    5.24    2.79    5.58    1.44    5.77    0.81    6.48 
ar=  1769.71    5.24    5.24    2.77    5.53    1.44    5.77    0.81    6.45 
ar=  1636.98    5.23    5.23    2.71    5.42    1.43    5.73    0.85    6.77 
ar=  1514.20    5.24    5.24    2.71    5.43    1.45    5.78    0.81    6.45 
ar=  1400.63    5.24    5.24    2.71    5.42    1.43    5.73    0.80    6.38 
ar=  1295.58    5.23    5.23    2.78    5.57    1.45    5.79    0.76    6.06 
ar=  1198.41    5.24    5.24    2.70    5.41    1.44    5.75    0.71    5.67 
ar=  1108.52    5.24    5.24    2.78    5.55    1.44    5.77    0.58    4.63 
ar=  1025.38    5.24    5.24    2.77    5.53    1.42    5.68    0.32    2.60 
ar=   948.48    5.24    5.24    2.72    5.45    1.42    5.69    0.29    2.31 
ar=   877.34    5.23    5.23    2.70    5.40    1.41    5.64    0.29    2.32 
ar=   811.53    5.24    5.24    2.77    5.54    1.41    5.65    0.29    2.34 
ar=   750.66    5.24    5.24    2.75    5.50    1.40    5.58    0.29    2.31 
ar=   694.36    5.24    5.24    2.69    5.38    1.33    5.31    0.29    2.33 
ar=   642.28    5.23    5.23    2.75    5.50    1.23    4.91    0.29    2.30 
ar=   594.11    5.22    5.22    2.77    5.55    1.09    4.36    0.28    2.26 
ar=   549.55    5.22    5.22    2.74    5.48    0.79    3.14    0.26    2.08 
ar=   508.33    5.23    5.23    2.75    5.50    0.34    1.35    0.21    1.67 
ar=   470.20    5.23    5.23    2.73    5.46    0.34    1.36    0.22    1.74 
ar=   434.94    5.25    5.25    2.67    5.33    0.34    1.35    0.21    1.67 
ar=   402.31    5.20    5.20    2.68    5.36    0.34    1.35    0.21    1.64 
ar=   372.13    5.20    5.20    2.54    5.09    0.34    1.35    0.21    1.67 
ar=   344.22    5.18    5.18    2.42    4.84    0.34    1.36    0.21    1.66 
ar=   318.40    5.19    5.19    2.21    4.42    0.34    1.35    0.21    1.66 
ar=   294.52    5.18    5.18    1.95    3.90    0.34    1.35    0.21    1.65 
ar=   272.42    5.18    5.18    1.33    2.67    0.34    1.35    0.21    1.68 
ar=   251.98    5.17    5.17    0.65    1.30    0.34    1.35    0.21    1.65 
ar=   233.08    5.16    5.16    0.65    1.30    0.34    1.35    0.21    1.66 
ar=   215.59    5.11    5.11    0.65    1.30    0.34    1.36    0.21    1.70 
ar=   199.42    5.03    5.03    0.65    1.30    0.34    1.36    0.21    1.65 
ar=   184.46    4.77    4.77    0.65    1.30    0.34    1.36    0.21    1.70 
ar=   170.62    4.66    4.66    0.65    1.30    0.34    1.36    0.21    1.67 
ar=   157.83    4.25    4.25    0.65    1.30    0.34    1.36    0.21    1.69 
ar=   145.98    3.58    3.58    0.65    1.30    0.34    1.36    0.21    1.67 
ar=   135.03    2.47    2.47    0.65    1.31    0.34    1.36    0.21    1.68 
ar=   124.90    1.26    1.26    0.65    1.31    0.34    1.37    0.21    1.67 
ar=   115.52    1.26    1.26    0.65    1.31    0.34    1.37    0.21    1.70 
ar=   106.85    1.26    1.26    0.65    1.31    0.34    1.37    0.21    1.69 
ar=    98.84    1.26    1.26    0.66    1.31    0.34    1.37    0.14    1.09 
ar=    91.42    1.26    1.26    0.66    1.31    0.34    1.38    0.22    1.74 
ar=    84.56    1.26    1.26    0.66    1.31    0.34    1.38    0.15    1.16 
ar=    78.22    1.26    1.26    0.65    1.31    0.34    1.38    0.13    1.01 
ar=    72.35    1.26    1.26    0.66    1.32    0.35    1.38    0.12    0.99 
ar=    66.92    1.26    1.26    0.66    1.32    0.35    1.39    0.12    0.97 
ar=    61.90    1.26    1.26    0.66    1.32    0.35    1.39    0.11    0.86 
ar=    57.25    1.26    1.26    0.66    1.32    0.35    1.39    0.10    0.83 
ar=    52.95    1.27    1.27    0.66    1.32    0.35    1.40    0.10    0.79 
ar=    48.98    1.27    1.27    0.66    1.33    0.35    1.39    0.17    1.33 
ar=    45.30    1.27    1.27    0.66    1.33    0.35    1.41    0.10    0.77 
ar=    41.90    1.27    1.27    0.67    1.33    0.18    0.71    0.09    0.71 
ar=    38.75    1.27    1.27    0.67    1.33    0.17    0.66    0.08    0.67 
ar=    35.84    1.27    1.27    0.67    1.34    0.32    1.28    0.08    0.64 
ar=    33.15    1.27    1.27    0.67    1.34    0.28    1.14    0.08    0.66
