#minMemory=32768 maxMemory=536870912 minThreads=1 maxThreads=8 writing to log band=0 lat=1
#increaseArray=0.925000 timestep=0.250000 cacheSize=32768 cacheLineSize=128
#affinity=0 affinity_wide=0
#numPages=64
ar= 524288.00   72.02   72.02   37.53   75.05   18.11   72.42   16.25  130.04 
ar= 484966.40   72.41   72.41   37.16   74.32   17.96   71.83   10.09   80.72 
ar= 448593.91   73.43   73.43   36.69   73.38   18.11   72.44    9.97   79.74 
ar= 414949.37   71.85   71.85   36.33   72.65   21.61   86.45   10.31   82.48 
ar= 383828.16   71.55   71.55   36.14   72.29   17.96   71.82    9.80   78.39 
ar= 355041.05   72.06   72.06   36.42   72.85   17.95   71.81    9.81   78.46 
ar= 328412.96   72.00   72.00   36.70   73.40   17.95   71.80   10.10   80.76 
ar= 303781.98   71.63   71.63   36.35   72.70   17.94   71.76    9.79   78.28 
ar= 280998.33   71.46   71.46   36.03   72.06   17.94   71.77    9.80   78.38 
ar= 259923.45   71.96   71.96   36.77   73.53   19.03   76.12   10.22   81.74 
ar= 240429.19   70.96   70.96   37.05   74.11   18.15   72.61    9.84   78.71 
ar= 222396.99   71.05   71.05   36.75   73.51   19.47   77.86    9.84   78.75 
ar= 205717.21   71.77   71.77   38.04   76.07   17.96   71.85    9.85   78.79 
ar= 190288.41   70.97   70.97   37.19   74.38   18.67   74.67   10.14   81.12 
ar= 176016.78   71.79   71.79   37.51   75.02   18.97   75.87    9.78   78.28 
ar= 162815.52   71.76   71.76   39.02   78.04   18.03   72.13    9.79   78.31 
ar= 150604.35   71.43   71.43   37.16   74.32   17.94   71.75    9.79   78.31 
ar= 139309.02   70.95   70.95   38.10   76.19   18.03   72.12   10.12   80.93 
ar= 128860.84   71.90   71.90   36.98   73.97   18.96   75.86    9.92   79.39 
ar= 119196.27   71.73   71.73   37.65   75.30   18.95   75.78    9.92   79.39 
ar= 110256.55   71.27   71.27   37.23   74.45   19.22   76.88   10.08   80.62 
ar= 101987.30   72.10   72.10   36.22   72.45   19.30   77.18   10.11   80.89 
ar= 94338.25   71.74   71.74   36.38   72.77   19.23   76.91    9.93   79.42 
ar= 87262.88   71.42   71.42   38.51   77.02   19.19   76.77   11.93   95.43 
ar= 80718.16   71.44   71.44   36.65   73.30   19.04   76.15   10.58   84.64 
ar= 74664.29   71.79   71.79   35.50   70.99   18.29   73.14   10.89   87.11 
ar= 69064.46   71.46   71.46   36.41   72.81   18.22   72.87   10.99   87.94 
ar= 63884.62   72.93   72.93   37.07   74.14   18.12   72.47   10.10   80.80 
ar= 59093.27   75.30   75.30   36.12   72.24   18.69   74.75   10.37   82.95 
ar= 54661.27   76.59   76.59   35.36   70.73   18.61   74.44   13.11  104.89 
ar= 50561.67   71.72   71.72   36.01   72.02   18.15   72.62   11.26   90.08 
ar= 46769.54   76.06   76.06   35.42   70.84   18.15   72.62   10.47   83.76 
ar= 43261.82   73.26   73.26   35.81   71.61   18.30   73.19   10.58   84.63 
ar= 40017.18   73.25   73.25   35.83   71.66   18.16   72.64   10.65   85.16 
ar= 37015.89   71.92   71.92   35.86   71.71   18.13   72.51   10.15   81.18 
ar= 34239.70   72.94   72.94   35.84   71.67   18.23   72.93   10.39   83.10 
ar= 31671.71   72.71   72.71   35.89   71.78   18.01   72.05    9.99   79.96 
ar= 29296.33   72.30   72.30   35.44   70.87   17.86   71.43   10.03   80.24 
ar= 27099.10   71.62   71.62   35.46   70.93   17.63   70.50    9.47   75.72 
ar= 25066.66   72.35   72.35   34.68   69.37   17.50   69.99    9.34   74.74 
ar= 23186.66   71.21   71.21   33.96   67.92   17.13   68.54    8.66   69.31 
ar= 21447.66   71.46   71.46   33.03   66.05   16.76   67.03    7.60   60.81 
ar= 19839.09   67.19   67.19   32.75   65.51   16.22   64.86    7.00   55.99 
ar= 18351.15   68.92   68.92   30.99   61.98   17.92   71.69    6.40   51.20 
ar= 16974.80   64.45   64.45   29.50   59.00   13.50   53.99    5.93   47.47 
ar= 15701.69   61.80   61.80   28.11   56.21   12.55   50.18    5.38   43.07 
ar= 14524.05   58.24   58.24   27.79   55.57   10.53   42.13    5.17   41.40 
ar= 13434.75   56.40   56.40   23.12   46.24    9.42   37.69    4.53   36.23 
ar= 12427.14   54.34   54.34   29.93   59.86    8.91   35.63    4.45   35.63 
ar= 11495.10   49.77   49.77   28.73   57.46    8.10   32.41    4.17   33.35 
ar= 10632.97   72.08   72.08   22.70   45.39    7.34   29.35    3.95   31.61 
ar=  9835.49   47.04   47.04   18.03   36.06    7.16   28.64    4.05   32.42 
ar=  9097.83   47.09   47.09   15.42   30.84    7.17   28.68    3.49   27.94 
ar=  8415.48   37.49   37.49   12.29   24.59    7.39   29.57    3.34   26.76 
ar=  7784.32   52.98   52.98   11.26   22.53    6.00   23.99    3.08   24.61 
ar=  7200.49   41.32   41.32   10.99   21.97    5.37   21.49    2.93   23.45 
ar=  6660.45   26.82   26.82    9.72   19.44    5.11   20.44    2.53   20.28 
ar=  6160.91   24.76   24.76    9.23   18.46    4.64   18.56    2.85   22.77 
ar=  5698.84   18.50   18.50    8.57   17.15    4.21   16.83    2.22   17.79 
ar=  5271.43   23.56   23.56    7.96   15.92    3.83   15.33    2.10   16.82 
ar=  4876.07   18.96   18.96    7.04   14.08    4.17   16.68    2.35   18.80 
ar=  4510.36   15.37   15.37    6.82   13.65    3.47   13.86    2.07   16.53 
ar=  4172.08   14.52   14.52    6.67   13.34    3.46   13.85    1.97   15.76 
ar=  3859.17   14.94   14.94    6.76   13.52    3.44   13.75    1.83   14.67 
ar=  3569.73   13.57   13.57    6.96   13.93    3.47   13.87    1.92   15.38 
ar=  3301.99   13.74   13.74    7.09   14.18    3.41   13.65    1.94   15.48 
ar=  3054.34   13.78   13.78    6.84   13.69    3.37   13.47    2.30   18.38 
ar=  2825.26   13.84   13.84    6.77   13.54    3.38   13.52    1.93   15.44 
ar=  2613.36   13.74   13.74    6.61   13.21    3.28   13.11    1.75   13.97 
ar=  2417.35   13.16   13.16    6.72   13.43    3.33   13.33    1.77   14.16 
ar=  2236.05   13.18   13.18    6.57   13.13    3.26   13.06    1.84   14.69 
ar=  2068.34   13.30   13.30    6.67   13.33    3.15   12.60    1.72   13.74 
ar=  1913.20   13.56   13.56    6.54   13.08    3.14   12.57    1.68   13.44 
ar=  1769.71   13.13   13.13    6.61   13.22    2.99   11.96    1.61   12.87 
ar=  1636.98   13.12   13.12    6.63   13.26    2.92   11.68    1.55   12.38 
ar=  1514.20   13.47   13.47    6.81   13.62    2.80   11.18    1.52   12.15 
ar=  1400.63   13.38   13.38    6.65   13.31    2.69   10.77    1.53   12.21 
ar=  1295.58   13.43   13.43    6.63   13.26    2.64   10.55    1.60   12.78 
ar=  1198.41   13.03   13.03    6.60   13.21    2.51   10.05    1.36   10.92 
ar=  1108.52   13.21   13.21    6.49   12.98    2.36    9.44    1.35   10.82 
ar=  1025.38   13.36   13.36    6.44   12.89    2.22    8.86    1.15    9.23 
ar=   948.48   12.99   12.99    6.17   12.33    2.09    8.34    1.08    8.64 
ar=   877.34   13.15   13.15    6.26   12.51    2.03    8.12    1.22    9.75 
ar=   811.53   13.26   13.26    5.76   11.52    1.90    7.60    1.24    9.90 
ar=   750.66   12.99   12.99    5.72   11.44    1.79    7.16    1.07    8.53 
ar=   694.36   13.10   13.10    4.99    9.99    1.98    7.92    1.09    8.70 
ar=   642.28   12.59   12.59    4.51    9.01    1.81    7.23    0.98    7.83 
ar=   594.11   12.93   12.93    4.35    8.69    1.82    7.28    1.04    8.30 
ar=   549.55   12.83   12.83    4.28    8.57    1.60    6.38    1.14    9.12 
ar=   508.33   12.11   12.11    3.93    7.86    1.63    6.53    1.12    9.00 
ar=   470.20   12.14   12.14    3.38    6.76    1.56    6.23    1.14    9.13 
ar=   434.94   11.76   11.76    3.21    6.42    1.67    6.70    1.06    8.50 
ar=   402.31   11.33   11.33    3.40    6.80    1.70    6.78    0.97    7.74 
ar=   372.13   10.50   10.50    3.06    6.12    1.60    6.39    1.02    8.18 
ar=   344.22   10.12   10.12    3.06    6.12    1.62    6.50    1.04    8.35 
ar=   318.40    9.09    9.09    2.95    5.90    1.67    6.67    0.87    6.98 
ar=   294.52    8.74    8.74    2.92    5.84    1.66    6.65    0.86    6.85 
ar=   272.42    8.08    8.08    2.93    5.85    1.65    6.60    0.88    7.03 
ar=   251.98    7.50    7.50    2.97    5.94    1.58    6.30    0.87    6.99 
ar=   233.08    6.69    6.69    3.07    6.14    1.60    6.39    0.69    5.56 
ar=   215.59    6.04    6.04    3.04    6.07    1.52    6.09    0.71    5.65 
ar=   199.42    5.97    5.97    3.03    6.07    1.28    5.13    0.70    5.58 
ar=   184.46    6.08    6.08    3.25    6.49    1.40    5.61    0.80    6.37 
ar=   170.62    5.66    5.66    3.23    6.47    1.30    5.21    0.85    6.83 
ar=   157.83    5.68    5.68    3.29    6.59    1.37    5.47    0.68    5.43 
ar=   145.98    6.00    6.00    3.22    6.43    1.28    5.11    0.61    4.88 
ar=   135.03    5.87    5.87    3.07    6.13    1.05    4.21    0.58    4.61 
ar=   124.90    6.01    6.01    3.06    6.11    0.91    3.64    0.47    3.75 
ar=   115.52    6.08    6.08    3.15    6.29    0.84    3.36    0.45    3.61 
ar=   106.85    6.03    6.03    2.86    5.72    0.86    3.44    0.47    3.74 
ar=    98.84    6.29    6.29    2.47    4.94    0.94    3.75    0.47    3.79 
ar=    91.42    6.36    6.36    2.48    4.95    0.91    3.63    0.42    3.39 
ar=    84.56    6.55    6.55    2.50    5.00    0.93    3.72    0.45    3.60 
ar=    78.22    6.47    6.47    2.46    4.91    0.99    3.97    0.46    3.68 
ar=    72.35    6.27    6.27    2.54    5.08    0.84    3.34    0.44    3.49 
ar=    66.92    6.05    6.05    2.12    4.25    0.89    3.56    0.43    3.47 
ar=    61.90    6.27    6.27    1.62    3.24    0.82    3.29    0.42    3.38 
ar=    57.25    6.31    6.31    1.58    3.16    0.83    3.32    0.44    3.53 
ar=    52.95    5.57    5.57    1.59    3.17    0.85    3.39    0.44    3.49 
ar=    48.98    4.90    4.90    1.57    3.15    0.83    3.31    0.42    3.36 
ar=    45.30    4.89    4.89    1.57    3.15    0.79    3.16    0.43    3.47 
ar=    41.90    4.89    4.89    1.56    3.12    0.81    3.22    0.46    3.67 
ar=    38.75    4.87    4.87    1.57    3.14    0.85    3.40    0.56    4.48 
ar=    35.84    4.80    4.80    1.62    3.24    0.76    3.06    0.46    3.71 
ar=    33.15    3.76    3.76    1.62    3.24    0.71    2.83    0.46    3.69 
