#minMemory=32768 maxMemory=536870912 minThreads=1 maxThreads=8 writing to log band=0 lat=1
#increaseArray=0.925000 timestep=0.250000 cacheSize=32768 cacheLineSize=128
#affinity=0 affinity_wide=0
#numPages=32
ar= 524288.00   70.26   70.26   34.76   69.51   17.80   71.22   15.97  127.73 
ar= 484966.40   69.06   69.06   34.69   69.37   20.48   81.93   13.81  110.50 
ar= 448593.91   69.91   69.91   34.86   69.73   19.27   77.07   13.83  110.61 
ar= 414949.37   70.19   70.19   34.60   69.20   17.81   71.25   13.62  108.99 
ar= 383828.16   69.65   69.65   34.78   69.55   17.83   71.32   14.28  114.22 
ar= 355041.05   70.13   70.13   34.63   69.25   17.93   71.72   14.38  115.08 
ar= 328412.96   69.53   69.53   34.72   69.44   17.91   71.66   14.13  113.02 
ar= 303781.98   69.28   69.28   34.73   69.45   17.89   71.55   14.75  118.00 
ar= 280998.33   70.38   70.38   34.71   69.41   18.03   72.10   14.35  114.81 
ar= 259923.45   69.95   69.95   34.61   69.23   18.12   72.50   13.82  110.56 
ar= 240429.19   69.99   69.99   34.75   69.50   20.19   80.75   14.13  113.02 
ar= 222396.99   69.54   69.54   34.72   69.43   20.86   83.45   14.09  112.72 
ar= 205717.21   69.86   69.86   34.77   69.54   17.81   71.22   13.53  108.24 
ar= 190288.41   69.67   69.67   34.70   69.41   20.45   81.81   13.35  106.78 
ar= 176016.78   69.50   69.50   34.61   69.22   17.91   71.62   13.57  108.59 
ar= 162815.52   69.47   69.47   34.71   69.42   20.47   81.87   13.72  109.79 
ar= 150604.35   69.62   69.62   34.74   69.47   20.24   80.97   12.92  103.36 
ar= 139309.02   69.18   69.18   34.66   69.32   17.81   71.25   13.76  110.12 
ar= 128860.84   69.31   69.31   34.74   69.49   17.81   71.22   13.77  110.12 
ar= 119196.27   68.92   68.92   34.81   69.61   18.02   72.08   13.96  111.71 
ar= 110256.55   69.90   69.90   34.74   69.48   17.84   71.36   12.99  103.94 
ar= 101987.30   68.85   68.85   34.56   69.12   17.94   71.75   13.27  106.19 
ar= 94338.25   69.43   69.43   34.75   69.50   20.98   83.93   13.75  110.03 
ar= 87262.88   69.19   69.19   34.73   69.46   17.84   71.35   13.36  106.86 
ar= 80718.16   69.40   69.40   34.70   69.41   20.53   82.14   13.22  105.72 
ar= 74664.29   69.12   69.12   34.74   69.47   20.58   82.31   13.19  105.49 
ar= 69064.46   69.11   69.11   34.65   69.30   18.07   72.27   13.21  105.67 
ar= 63884.62   69.83   69.83   34.82   69.65   20.00   80.01   12.83  102.63 
ar= 59093.27   69.97   69.97   35.26   70.51   17.83   71.33   12.60  100.83 
ar= 54661.27   70.57   70.57   34.69   69.39   20.33   81.30   12.39   99.11 
ar= 50561.67   69.65   69.65   34.69   69.37   18.00   72.01   12.39   99.14 
ar= 46769.54   69.43   69.43   34.76   69.52   18.19   72.75   12.21   97.68 
ar= 43261.82   68.52   68.52   34.56   69.12   19.50   77.98   11.98   95.82 
ar= 40017.18   69.35   69.35   35.22   70.44   18.74   74.97   11.60   92.79 
ar= 37015.89   69.38   69.38   34.58   69.17   18.01   72.06   11.54   92.31 
ar= 34239.70   68.48   68.48   34.37   68.74   18.95   75.82   11.20   89.61 
ar= 31671.71   69.95   69.95   34.00   67.99   18.78   75.13   11.01   88.05 
ar= 29296.33   68.08   68.08   34.36   68.72   17.36   69.46   10.58   84.67 
ar= 27099.10   67.90   67.90   33.28   66.56   17.56   70.24   10.03   80.21 
ar= 25066.66   66.68   66.68   32.87   65.74   16.90   67.62    9.14   73.08 
ar= 23186.66   65.18   65.18   32.45   64.91   17.49   69.97    8.66   69.26 
ar= 21447.66   64.21   64.21   32.00   64.00   17.59   70.38    7.54   60.35 
ar= 19839.09   62.37   62.37   29.94   59.88   18.29   73.16    6.95   55.57 
ar= 18351.15   64.15   64.15   30.25   60.51   15.00   60.00    6.35   50.80 
ar= 16974.80   58.66   58.66   28.53   57.06   12.48   49.92    6.19   49.52 
ar= 15701.69   57.01   57.01   27.75   55.49   14.86   59.43    5.53   44.24 
ar= 14524.05   55.87   55.87   25.90   51.81   11.64   46.56    5.13   41.03 
ar= 13434.75   51.64   51.64   22.65   45.30   10.67   42.67    4.92   39.37 
ar= 12427.14   51.00   51.00   21.17   42.34    8.60   34.41    4.78   38.22 
ar= 11495.10   45.20   45.20   19.79   39.58    8.23   32.93    4.41   35.25 
ar= 10632.97   41.32   41.32   16.97   33.95    7.54   30.14    4.07   32.55 
ar=  9835.49   40.19   40.19   16.14   32.28    7.27   29.07    3.69   29.53 
ar=  9097.83   35.24   35.24   13.81   27.63    6.55   26.18    3.32   26.57 
ar=  8415.48   34.13   34.13   12.89   25.78    6.49   25.97    3.33   26.62 
ar=  7784.32   29.11   29.11   12.08   24.17    6.01   24.05    3.22   25.80 
ar=  7200.49   23.79   23.79   10.92   21.84    5.40   21.59    2.93   23.42 
ar=  6660.45   20.95   20.95   10.41   20.82    4.94   19.77    2.91   23.28 
ar=  6160.91   19.88   19.88    9.32   18.65    4.27   17.07    2.74   21.92 
ar=  5698.84   17.04   17.04    8.78   17.56    4.63   18.53    2.57   20.55 
ar=  5271.43   16.11   16.11    8.05   16.10    4.13   16.54    2.44   19.53 
ar=  4876.07   15.35   15.35    7.62   15.23    3.77   15.07    2.57   20.55 
ar=  4510.36   15.05   15.05    7.02   14.04    4.11   16.43    2.53   20.26 
ar=  4172.08   15.17   15.17    6.69   13.39    4.07   16.29    2.49   19.94 
ar=  3859.17   13.32   13.32    6.82   13.64    3.56   14.25    2.63   21.06 
ar=  3569.73   13.26   13.26    6.62   13.24    3.91   15.63    2.50   20.02 
ar=  3301.99   13.01   13.01    6.77   13.54    3.54   14.14    2.44   19.50 
ar=  3054.34   13.28   13.28    6.87   13.75    3.46   13.84    2.42   19.33 
ar=  2825.26   13.21   13.21    6.57   13.13    3.83   15.32    2.40   19.18 
ar=  2613.36   12.85   12.85    6.58   13.17    3.51   14.04    2.36   18.87 
ar=  2417.35   13.16   13.16    6.66   13.31    3.45   13.81    2.30   18.42 
ar=  2236.05   12.90   12.90    6.54   13.07    3.75   15.00    2.25   18.03 
ar=  2068.34   13.13   13.13    6.57   13.14    3.67   14.68    2.21   17.69 
ar=  1913.20   12.79   12.79    6.53   13.06    3.67   14.66    2.09   16.69 
ar=  1769.71   13.11   13.11    6.63   13.26    3.41   13.65    1.94   15.50 
ar=  1636.98   12.80   12.80    6.56   13.13    3.39   13.55    1.94   15.49 
ar=  1514.20   13.14   13.14    6.52   13.04    3.32   13.29    1.86   14.88 
ar=  1400.63   12.76   12.76    6.41   12.83    3.30   13.21    1.77   14.13 
ar=  1295.58   13.08   13.08    6.52   13.03    3.16   12.65    1.63   13.04 
ar=  1198.41   12.87   12.87    6.17   12.34    2.94   11.77    1.60   12.82 
ar=  1108.52   12.76   12.76    6.27   12.54    3.06   12.24    1.44   11.54 
ar=  1025.38   12.66   12.66    6.17   12.34    2.87   11.49    1.46   11.67 
ar=   948.48   12.67   12.67    5.99   11.97    2.84   11.38    1.37   10.97 
ar=   877.34   12.59   12.59    5.99   11.99    2.81   11.24    1.39   11.09 
ar=   811.53   12.86   12.86    5.73   11.45    2.63   10.53    1.28   10.22 
ar=   750.66   12.56   12.56    5.35   10.71    2.45    9.80    1.21    9.68 
ar=   694.36   12.75   12.75    5.37   10.74    2.50    9.99    1.19    9.53 
ar=   642.28   12.32   12.32    5.16   10.32    2.28    9.12    1.17    9.34 
ar=   594.11   12.60   12.60    4.62    9.23    2.27    9.08    1.18    9.40 
ar=   549.55   12.21   12.21    4.42    8.83    1.99    7.95    1.13    9.00 
ar=   508.33   12.17   12.17    4.27    8.53    1.90    7.59    1.01    8.06 
ar=   470.20   11.80   11.80    4.42    8.84    1.81    7.24    0.99    7.89 
ar=   434.94   11.50   11.50    4.16    8.31    2.03    8.11    1.07    8.57 
ar=   402.31   10.88   10.88    3.93    7.86    1.71    6.84    1.05    8.43 
ar=   372.13   10.54   10.54    3.92    7.83    1.62    6.46    1.01    8.07 
ar=   344.22   10.02   10.02    3.83    7.65    1.87    7.48    1.05    8.37 
ar=   318.40    9.40    9.40    3.87    7.74    1.77    7.10    0.99    7.94 
ar=   294.52    8.59    8.59    4.37    8.75    1.73    6.93    1.00    8.03 
ar=   272.42    8.46    8.46    3.58    7.15    1.64    6.58    1.02    8.18 
ar=   251.98    7.98    7.98    3.80    7.60    1.55    6.21    0.94    7.53 
ar=   233.08    7.85    7.85    3.38    6.75    1.55    6.21    0.89    7.09 
ar=   215.59    7.97    7.97    3.74    7.48    1.59    6.34    0.91    7.30 
ar=   199.42    7.54    7.54    3.45    6.91    1.51    6.04    0.87    6.94 
ar=   184.46    7.53    7.53    3.18    6.36    1.55    6.18    0.83    6.67 
ar=   170.62    7.38    7.38    3.07    6.13    1.52    6.09    0.84    6.69 
ar=   157.83    7.40    7.40    3.08    6.16    1.37    5.48    0.82    6.53 
ar=   145.98    7.64    7.64    2.52    5.05    1.35    5.42    0.78    6.25 
ar=   135.03    6.95    6.95    2.66    5.32    1.39    5.56    0.73    5.85 
ar=   124.90    6.92    6.92    2.53    5.05    1.22    4.88    0.62    4.92 
ar=   115.52    6.27    6.27    2.62    5.24    1.26    5.05    0.61    4.92 
ar=   106.85    6.43    6.43    2.54    5.08    1.16    4.64    0.66    5.31 
ar=    98.84    6.56    6.56    2.61    5.22    1.07    4.27    0.66    5.27 
ar=    91.42    5.83    5.83    2.59    5.18    1.25    4.99    0.63    5.03 
ar=    84.56    5.84    5.84    2.58    5.17    1.00    3.99    0.64    5.10 
ar=    78.22    5.80    5.80    2.55    5.10    0.99    3.96    0.62    4.98 
ar=    72.35    5.02    5.02    2.53    5.06    0.94    3.74    0.59    4.70 
ar=    66.92    4.96    4.96    2.13    4.27    0.97    3.89    0.61    4.88 
ar=    61.90    4.97    4.97    1.70    3.40    0.87    3.49    0.59    4.74 
ar=    57.25    4.97    4.97    1.75    3.49    0.94    3.77    0.57    4.53 
ar=    52.95    4.96    4.96    1.62    3.24    0.87    3.49    0.60    4.80 
ar=    48.98    4.95    4.95    1.68    3.37    0.92    3.67    0.56    4.51 
ar=    45.30    4.91    4.91    1.61    3.22    0.88    3.53    0.53    4.24 
ar=    41.90    4.92    4.92    1.63    3.25    0.88    3.52    0.62    4.97 
ar=    38.75    4.93    4.93    1.81    3.61    0.95    3.79    0.68    5.42 
ar=    35.84    4.98    4.98    1.78    3.57    0.83    3.33    0.60    4.84 
ar=    33.15    3.80    3.80    1.71    3.42    0.81    3.23    0.63    5.03 
