#minMemory=16384 maxMemory=268435456 minThreads=1 maxThreads=16 writing to iresults/t2 band=1 lat=0
#increaseArray=0.950000 timestep=0.300000 cacheSize=262144 cacheLineSize=128
#affinity=1 affinity_wide=1
#numPages=1
ar= 262144.00 10292.28 10466.95 18875.99 23046.12 33724.11 35285.63 34087.04 36302.04 51394.88 57579.46 
ar= 249036.80 12783.98 12731.98 26745.46 26729.02 35809.15 36449.72 36807.29 36603.62 64237.54 64082.91 
ar= 236584.95 12830.76 12748.67 27272.01 26797.92 36651.33 36905.21 36769.78 37594.51 64266.84 63900.51 
ar= 224755.70 12809.43 12744.86 27280.48 26953.35 36833.41 37218.27 36856.03 36921.48 58485.38 58456.70 
ar= 213517.91 12781.73 12715.11 27065.45 27042.01 36688.31 36955.43 36761.26 37031.29 64353.29 64139.78 
ar= 202842.02 12823.43 12711.52 27298.09 27084.47 36636.90 36705.84 36797.47 36907.05 64059.95 64608.62 
ar= 192699.91 12827.68 12748.56 27085.40 27021.67 36794.81 36368.80 36487.56 36717.16 64061.64 63493.71 
ar= 183064.91 12766.53 12712.21 27061.57 26864.19 36580.83 37040.44 37166.84 37037.54 64513.21 64852.76 
ar= 173911.66 12801.63 12753.76 27059.58 26946.73 36621.38 36461.56 36937.35 37058.66 62523.03 62112.89 
ar= 165216.08 12816.77 12723.82 26988.64 26786.46 36230.07 36732.84 36752.05 37141.76 60866.28 58875.26 
ar= 156955.27 12799.87 12739.03 26847.22 26846.64 36362.52 36868.26 37046.77 37360.17 64901.48 64813.07 
ar= 149107.51 12834.08 12755.82 27232.43 26953.06 36858.76 36971.70 37304.74 37707.51 64989.03 65029.73 
ar= 141652.12 12814.33 12751.31 27029.40 26923.17 36824.56 36962.18 37265.03 37276.40 59916.60 61277.01 
ar= 134569.52 12811.04 12736.48 27195.38 26841.51 36360.48 36573.28 36959.40 37278.51 59143.94 59712.45 
ar= 127841.04 12832.15 12748.55 27114.59 27039.75 36659.30 36650.09 37462.12 37505.27 65126.04 65462.02 
ar= 121448.98 12809.85 12703.79 26974.46 26680.02 37025.30 38127.53 37137.56 37058.68 63311.19 63729.68 
ar= 115376.53 12806.09 12733.37 26925.94 27324.26 36085.21 36319.12 36922.27 37252.50 64463.17 65018.20 
ar= 109607.70 12769.59 12719.77 26871.26 27014.53 37002.44 36971.52 37600.81 38522.39 65109.17 65488.90 
ar= 104127.31 12780.56 12722.21 27046.20 27021.48 36424.85 36143.29 36615.64 36985.35 68058.71 69042.33 
ar= 98920.95 12835.93 12756.26 27008.22 26996.55 36615.32 37446.22 37148.87 37822.09 66068.34 66370.66 
ar= 93974.89 12800.63 12738.36 27089.99 26909.98 36527.68 36759.71 37338.06 37593.80 67333.84 65431.97 
ar= 89276.14 12821.10 12709.87 27063.68 26991.31 36423.63 36637.90 37244.21 36824.60 68100.96 70411.46 
ar= 84812.33 12828.55 12749.07 26970.46 27063.52 36716.52 37052.56 37057.71 36816.70 64952.85 64986.60 
ar= 80571.71 12826.04 12703.16 27099.52 27140.49 36793.70 36841.99 38299.33 38119.57 71125.60 68554.73 
ar= 76543.12 12848.94 12783.19 27010.16 27128.17 37140.60 37491.72 37621.71 37822.12 71296.93 72246.93 
ar= 72715.97 12856.54 12774.06 27085.53 27076.14 36759.63 37085.98 36941.25 35388.25 93748.76 78217.90 
ar= 69080.16 12835.84 12795.77 27223.28 27236.17 36435.36 36284.79 37529.60 37697.91 66151.11 67122.30 
ar= 65626.15 12741.75 12669.71 27701.65 27851.18 36880.53 37517.13 36859.15 37577.96 72229.39 75487.44 
ar= 62344.84 12835.58 12772.18 27857.07 28226.30 37082.11 36898.93 37147.37 37403.57 87423.78 154297.75 
ar= 59227.59 12836.65 12761.61 28502.50 28970.30 37134.81 38055.75 37709.60 38205.01 83928.25 89418.89 
ar= 56266.21 12750.14 12728.04 29010.73 29257.26 37579.52 37738.42 37276.55 37730.30 133210.23 191040.25 
ar= 53452.90 12804.06 12763.95 29955.42 30476.32 36952.45 37349.95 37345.59 37358.37 188829.70 161568.44 
ar= 50780.25 12809.86 12739.45 31478.15 31825.78 37235.75 37699.36 37444.20 37432.05 213405.32 210194.06 
ar= 48241.23 12768.27 12695.52 33244.51 33655.12 36705.49 37155.44 38044.70 38347.68 219739.91 225233.47 
ar= 45829.17 12830.94 12763.58 36495.24 37577.59 37341.71 37620.18 37499.41 37434.88 231582.72 234000.10 
ar= 43537.71 12837.01 12726.55 41449.17 42523.25 38130.09 39777.18 37406.75 37360.91 247773.00 244217.82 
ar= 41360.82 12878.43 12801.78 50190.51 51575.84 39173.01 40342.72 37244.26 36693.75 266359.96 269484.10 
ar= 39292.77 12828.85 12773.69 57467.48 58874.96 40435.66 42723.65 38021.83 38077.47 293900.77 314976.66 
ar= 37328.13 12795.76 12731.31 58302.62 59262.31 43489.72 43815.41 38586.47 39752.62 380168.34 386075.18 
ar= 35461.72 12901.16 12859.01 60067.99 60584.66 43786.41 46619.56 41632.52 43387.35 335648.59 332573.79 
ar= 33688.63 13028.00 13010.00 60550.12 60875.04 70807.38 71986.41 75571.21 43935.27 385313.99 390249.39 
ar= 32004.20 13192.54 13245.10 60453.52 60687.65 74692.30 71573.88 77395.66 85040.42 399394.01 395533.82 
ar= 30403.98 13285.90 13395.35 60195.49 60435.08 77132.62 76372.02 89481.80 94562.83 402086.25 399724.93 
ar= 28883.78 13671.51 13834.09 60640.84 59991.95 80036.53 78536.40 110633.80 114768.37 400790.08 401274.33 
ar= 27439.59 13961.64 14136.18 61138.28 59987.47 87229.71 92080.52 124113.70 122786.16 397989.67 400232.59 
ar= 26067.60 14598.66 14685.69 60493.69 60364.49 101639.29 104218.69 127944.37 129464.10 399605.37 402671.17 
ar= 24764.22 15267.31 15388.41 61082.05 60737.97 106942.21 107451.10 132596.03 133369.05 396703.77 401649.75 
ar= 23526.01 16842.10 16857.78 60821.42 60249.55 112346.73 113232.00 148492.27 153151.29 395601.83 402649.22 
ar= 22349.70 18583.27 18805.61 60531.05 59978.37 105613.84 108183.81 165446.94 165040.16 398333.75 398732.48 
ar= 21232.21 22205.41 22403.85 59567.08 60678.54 113057.55 113148.48 194235.11 197736.09 398572.19 399261.67 
ar= 20170.59 26759.04 26940.43 61037.52 60108.68 113248.15 113834.12 184900.58 186147.41 397403.95 399898.96 
ar= 19162.06 30739.85 30595.73 60900.41 60838.78 113098.86 112935.74 201566.86 202067.00 397146.43 400729.72 
ar= 18203.95 30034.26 30058.00 60270.01 60424.49 112822.17 112736.08 202067.22 204445.10 400540.20 403304.95 
ar= 17293.75 30875.09 30795.99 60054.12 60261.04 113384.01 114289.58 200462.62 200697.37 400012.74 402380.49 
ar= 16429.06 30904.93 30782.24 59819.00 59973.38 113175.88 112830.09 201436.36 201044.85 402730.85 398448.66 
ar= 15607.61 30868.92 30795.73 59619.73 59190.28 112152.03 113289.38 200740.89 200676.98 398930.52 403251.81 
ar= 14827.23 30877.82 30804.54 59892.87 59467.55 112256.12 112736.42 200441.96 200297.40 402896.85 401958.18 
ar= 14085.86 30882.09 30780.56 60911.03 60207.33 113001.24 114073.27 200519.64 200902.55 398661.80 402684.28 
ar= 13381.56 30886.77 30752.95 59428.65 59850.85 113923.40 113389.78 201541.57 202013.79 400432.14 401504.70 
ar= 12712.48 30884.78 30784.75 60146.41 59958.54 112675.04 112774.80 202658.11 201615.93 400689.73 399777.07 
ar= 12076.86 30910.65 30798.97 59880.66 60701.18 112489.39 112766.74 201442.24 201003.47 398022.08 399926.16 
ar= 11473.02 30863.63 30793.05 60265.96 59679.37 112634.54 113295.80 200712.96 200607.78 397545.90 400658.77 
ar= 10899.36 30892.47 30786.47 60645.59 60495.15 111867.09 113241.16 201585.25 200995.85 387975.14 398012.24 
ar= 10354.39 30882.43 30797.47 60890.21 60832.05 112936.92 114236.32 200312.01 200056.54 398919.27 400823.79 
ar=  9836.66 30869.48 30790.62 60356.89 59800.99 113396.51 113346.89 198978.15 199171.83 401054.98 400457.15 
ar=  9344.83 30921.42 30767.87 60371.83 60166.73 114086.95 114219.63 201169.58 201905.93 399775.37 400926.54 
ar=  8877.59 30877.11 30793.13 59529.80 60139.04 112806.60 113372.33 202895.00 201587.34 398764.09 402346.73 
ar=  8433.70 30909.89 30790.09 59973.07 59944.46 112791.12 112527.25 201633.98 201360.74 398442.62 398313.10 
ar=  8012.02 30908.23 30782.19 60661.75 59964.02 112455.94 113060.37 201495.72 201311.42 400392.63 399401.12 
ar=  7611.41 30877.22 30777.85 59686.15 60682.70 112815.70 113800.54 200745.51 200124.15 397280.44 397657.08 
ar=  7230.84 30886.87 30783.11 61029.59 60961.36 113507.78 113137.90 201046.47 202635.71 399694.86 398760.16 
ar=  6869.29 30893.75 30790.96 60696.97 60358.80 113994.41 113337.45 202090.12 202189.93 398166.04 399568.29 
ar=  6525.82 30873.27 30788.92 59664.47 59977.26 114283.88 114027.16 202282.65 202860.57 402388.27 406853.66 
ar=  6199.52 30863.60 30790.81 59820.23 59480.76 112282.15 112919.47 203743.47 201775.15 402005.46 406361.46 
ar=  5889.55 30899.50 30798.62 59614.89 60055.21 113638.15 113432.98 201038.87 200107.68 403713.32 411626.92 
ar=  5595.06 30874.75 30795.17 60665.44 60560.56 113979.24 113341.36 202151.92 201637.47 408784.69 417735.57 
ar=  5315.30 30882.27 30781.99 60187.58 60122.04 113201.08 112893.80 201260.97 202526.75 414919.36 437472.29 
ar=  5049.54 30936.72 30797.00 61066.01 61032.54 112718.01 113291.54 201627.29 202057.79 428642.32 416650.51 
ar=  4797.05 30918.02 30795.44 60581.02 59964.02 112335.00 112677.90 201346.63 199952.49 441303.04 489789.49 
ar=  4557.20 30930.75 30760.81 60522.63 60938.17 113358.94 112514.27 200111.54 198867.41 455344.84 506846.48 
ar=  4329.33 30891.83 30791.37 60420.14 59293.83 112230.34 112985.93 203008.21 204297.66 520104.49 542494.76 
ar=  4112.86 30894.99 30788.30 60781.13 60824.28 112774.06 113093.89 202391.58 200415.76 561891.48 578844.86 
ar=  3907.21 30929.44 30820.72 60491.47 59742.94 113922.40 113913.93 202267.36 201152.98 590257.54 587649.60 
ar=  3711.84 30872.37 30794.71 59817.14 60037.60 114148.56 113980.59 201750.87 201411.04 573626.19 588424.13 
ar=  3526.25 30895.73 30777.20 59655.82 59982.89 113238.60 113555.65 200307.20 200169.87 610580.63 600854.70 
ar=  3349.94 30907.31 30827.11 60468.72 60010.55 113857.20 113742.76 197448.89 201499.38 617086.84 597085.71 
ar=  3182.44 30898.67 30777.22 60721.07 60797.33 114543.29 115007.05 201038.26 207990.46 612178.63 606106.72 
ar=  3023.31 30876.83 30782.37 60476.35 60033.66 113564.55 113265.05 204127.76 209448.32 610239.42 598444.88 
ar=  2872.14 30902.11 30791.69 59876.93 60037.97 112858.29 113153.49 208649.78 210088.20 622497.44 601746.98 
ar=  2728.53 30901.64 30838.22 59850.87 60334.67 113015.64 113717.41 206298.84 209642.78 615961.69 603679.16 
ar=  2592.10 30884.96 30784.22 60172.62 59959.65 112860.16 113017.00 214005.29 242534.60 611497.99 603150.71 
ar=  2462.49 30924.45 30822.01 60363.71 60516.69 113682.39 113946.92 224834.76 255554.38 614394.87 603922.32 
ar=  2339.37 30869.30 30817.48 60854.75 60395.20 113990.07 113466.28 236631.87 226698.65 620726.14 600301.80 
ar=  2222.40 30920.28 30768.86 61421.79 61111.57 114067.10 114911.24 254409.80 234299.10 618917.56 604632.22 
ar=  2111.27 30849.87 30777.75 60132.50 60870.58 114148.07 113731.12 266954.11 273541.90 620659.27 606086.95 
ar=  2005.70 30895.79 30786.62 61722.86 61527.16 113140.68 113317.62 298166.55 292752.41 616480.44 606501.57 
ar=  1905.41 30883.20 30795.27 61018.38 61489.13 113408.31 113989.19 306093.13 300113.81 622109.80 609931.78 
ar=  1810.14 30851.52 30776.66 60415.00 60890.31 113507.98 113588.15 308991.16 297996.00 615867.56 621229.99 
ar=  1719.63 30922.02 30755.33 60982.80 60213.50 113793.24 113872.51 310160.85 299162.38 618059.15 607020.30 
ar=  1633.65 30914.05 30820.31 60627.73 60165.29 113605.02 113497.72 308464.57 297394.41 613509.01 610966.19 
ar=  1551.96 30856.08 30753.31 60245.11 59920.68 115076.75 116224.34 311207.26 303772.12 614755.64 603711.70 
ar=  1474.36 30876.49 30786.77 60155.93 60320.36 114140.36 116672.19 310984.76 304786.50 610172.87 608198.81 
ar=  1400.64 30874.20 30775.26 60133.51 60565.41 115955.00 117269.27 310707.32 302921.04 612694.28 601852.42 
ar=  1330.60 30879.46 30760.47 59952.75 60723.25 118923.28 129390.08 309007.14 300425.19 613536.40 607120.04 
ar=  1264.07 30896.59 30779.77 60934.36 60723.91 123670.82 137798.05 311121.09 304760.20 613928.06 599997.59 
ar=  1200.86 30867.86 30777.55 60850.83 60787.40 127957.21 138463.36 310801.46 303453.49 615835.32 602389.10 
ar=  1140.81 30895.98 30774.50 61471.10 60734.39 133091.39 156958.49 309017.06 304950.13 617817.72 605888.94 
ar=  1083.77 30881.05 30766.80 60555.52 60774.59 149437.98 153066.61 309985.04 302443.74 622266.74 362252.08 
ar=  1029.57 30866.33 30774.38 60997.72 60494.81 160593.11 165938.72 309227.34 301243.67 618613.27 607043.28 
ar=   978.09 30861.86 30755.33 60461.41 59997.09 143334.31 151522.20 307348.04 303522.31 616574.71 605445.90 
ar=   929.18 30865.24 30776.69 60172.24 59913.25 148085.93 164734.08 308379.36 303761.38 621299.73 610789.55 
ar=   882.72 30836.43 30786.15 61261.58 60573.25 174928.03 169862.38 308803.77 302963.60 615350.67 607642.61 
ar=   838.58 30908.59 30788.18 60575.46 60210.09 175156.06 171289.41 312086.80 304062.54 614064.04 602012.99 
ar=   796.65 30853.70 30775.24 60979.70 65775.26 176750.04 173484.76 307901.89 303041.70 603920.00 599589.74 
ar=   756.81 30883.27 30731.16 62958.12 79925.33 176441.24 175017.08 307840.26 304084.00 616089.37 601050.43 
ar=   718.97 30872.22 30778.73 63966.17 76310.61 179774.11 177597.44 308481.11 309286.94 612606.86 598744.57 
ar=   683.02 30850.84 30755.42 66582.94 82897.89 175255.76 172686.97 311024.33 303698.97 613515.57 598748.06 
ar=   648.86 30868.70 30739.53 67782.35 81633.62 177652.30 174783.86 311617.61 304080.16 607481.89 594783.57 
ar=   616.41 30844.38 30760.78 71396.80 84688.32 178886.11 174877.34 309785.48 303646.59 618841.74 614726.17 
ar=   585.59 30850.70 30751.51 74035.55 80257.65 176834.94 174933.33 308345.39 304147.45 610969.73 607131.29 
ar=   556.30 30864.30 30742.86 80759.82 81743.21 176536.94 172898.70 310113.70 300354.86 679798.47 664780.94 
ar=   528.48 30867.86 30740.13 90639.98 87848.46 175279.15 173678.03 303012.98 304549.94 817035.85 791513.38 
ar=   502.05 30841.39 30754.91 95664.03 91919.89 174507.03 171404.20 309353.13 303101.30 908680.51 891583.42 
ar=   476.95 30890.17 30725.71 95942.19 94684.43 176465.17 172401.56 312800.35 304704.33 911715.72 904522.14 
ar=   453.09 30874.16 30763.81 97093.18 95367.88 175424.16 170920.67 310360.41 303262.45 911329.72 902501.37 
ar=   430.44 32403.50 34661.82 97313.73 96268.90 177121.23 173457.42 310086.98 302501.64 904383.34 897303.61 
ar=   408.91 31054.88 31189.01 96821.83 95408.22 176068.93 173564.43 309978.40 301051.40 907629.91 898620.18 
ar=   388.46 31504.68 34891.94 96262.79 96073.41 176411.97 172058.60 311315.83 303277.86 903919.48 896742.95 
ar=   369.03 32282.08 41055.08 96736.12 95291.27 177095.63 174136.17 312191.56 307178.57 916524.19 900783.24 
ar=   350.58 33051.03 41813.79 95739.60 94559.68 174934.70 172827.86 309336.20 302822.49 896583.37 889787.46 
ar=   333.05 34128.91 42391.48 96292.37 95158.64 176749.70 172357.51 313132.60 303746.66 904634.73 898562.61 
ar=   316.39 35029.89 43288.34 95214.17 94629.44 175940.56 171442.46 310919.42 307148.58 904181.20 889126.65 
ar=   300.57 36762.44 41973.04 95271.43 96363.20 175348.99 173630.06 305163.59 309137.78 904662.35 886385.87 
ar=   285.54 39601.74 40521.17 96897.18 95404.56 177438.77 175166.05 315349.59 325102.98 902622.26 889076.97 
ar=   271.26 43817.94 44836.39 96503.54 95114.20 175633.46 173459.28 373539.74 364534.34 897102.24 888071.08 
ar=   257.69 45186.78 46111.52 96489.58 95021.82 176672.98 175326.98 448765.63 432802.15 899904.84 881687.59 
ar=   244.80 48960.39 47479.34 96364.85 95455.60 176456.71 175956.70 457566.51 450653.17 887605.66 880893.15 
ar=   232.55 48970.38 48362.05 95717.16 94560.78 179445.21 179511.65 457875.43 452699.93 889134.69 879918.64 
ar=   220.92 48971.77 48528.35 96110.39 95293.21 179081.92 176356.17 458618.44 453014.55 892497.73 883069.49 
ar=   209.88 48930.65 48520.54 95396.02 96291.76 176525.41 174862.27 459855.27 452425.23 888839.48 878248.34 
ar=   199.38 48931.99 48530.62 96141.83 94856.49 176293.87 174212.84 460725.63 452889.66 892184.47 879114.50 
ar=   189.41 48934.87 48571.35 95489.56 94752.58 177376.05 173127.71 458975.24 451870.54 883954.19 874352.82 
ar=   179.93 48908.40 48600.75 95221.29 96237.18 176034.48 174797.58 441298.11 446706.79 882126.48 868301.42 
ar=   170.93 48892.86 48539.73 96653.28 95741.20 176432.03 172791.99 456959.94 449586.41 882366.92 863183.31 
ar=   162.38 48920.37 48541.37 96792.63 95272.37 176002.00 172959.19 455800.31 449623.81 875581.15 863298.76 
ar=   154.26 48946.52 48628.11 96483.69 95039.08 174872.44 175382.95 455040.26 446343.77 876289.43 861194.55 
ar=   146.54 48863.82 48576.64 96105.56 95076.10 173630.50 174614.17 456569.44 449131.35 865201.91 856066.85 
ar=   139.21 48847.93 48550.40 96309.10 94795.21 193821.62 189454.59 451650.61 447005.27 874605.77 856641.84 
ar=   132.25 48936.34 48606.05 95205.91 94257.11 232755.15 223129.81 452214.89 445266.85 872166.00 857678.33 
ar=   125.63 48906.62 48533.75 95844.78 95010.46 262074.03 255738.10 449381.80 443218.59 862524.92 844312.08 
ar=   119.34 48921.02 48602.37 95457.17 96653.19 261741.68 258603.16 446437.67 441840.13 852082.93 841167.04 
ar=   113.38 48988.02 48555.04 96011.73 94929.66 263577.56 257797.96 447222.07 440228.13 848827.27 838224.24 
ar=   107.70 49021.21 48671.74 96957.54 95747.29 260461.07 254658.79 444405.88 438953.95 848990.92 826889.72 
ar=   102.31 48902.16 48581.27 95403.60 94487.22 262147.33 257523.55 447048.20 440021.76 911355.96 833489.05 
ar=    97.20 48812.38 48669.89 96638.82 95827.11 262162.73 260166.12 442798.28 437353.78 901247.62 896085.53 
ar=    92.33 48961.95 48564.22 95664.15 94481.75 264634.32 259098.80 443455.96 435398.76 913778.49 896421.41 
ar=    87.71 48904.83 48549.91 95549.82 94359.31 262254.84 257824.45 443015.32 435782.61 906516.91 899953.68 
ar=    83.32 49026.22 48585.48 93209.76 93972.75 259809.72 255415.84 440397.85 435662.80 908844.76 891461.62 
ar=    79.15 48978.68 48567.17 95954.93 94281.81 260376.04 258594.53 440028.69 434669.52 905216.66 893650.99 
ar=    75.19 48890.75 48664.03 94067.26 95099.63 262046.11 256819.57 440946.92 432067.46 931013.54 909626.01 
ar=    71.42 48985.75 48709.35 96772.87 96681.84 259385.73 253660.96 439713.58 430405.77 909302.92 890300.46 
ar=    67.84 48924.44 48461.51 115872.81 113709.76 255868.72 252450.53 439487.28 431379.68 895606.18 873922.80 
ar=    64.45 48821.52 48541.39 139047.76 135123.07 256994.64 255007.45 439608.83 430767.08 898831.21 877493.05 
ar=    61.22 48657.02 48655.16 140828.91 137028.56 258345.64 251077.34 429722.79 424229.72 889912.05 875933.40 
ar=    58.16 48751.56 48426.19 141137.82 137332.73 256922.28 252192.17 430974.35 422055.89 882571.48 872197.88 
ar=    55.24 48822.69 48433.60 140428.11 136772.80 254505.78 250616.58 429602.53 419093.17 879935.58 868674.52 
ar=    52.48 48862.77 48467.04 141598.15 138647.09 255947.14 251602.17 433683.77 423606.66 896647.32 872041.14 
ar=    49.85 48553.55 48668.61 140924.59 138237.20 252656.52 247619.32 457595.03 454181.95 882613.80 862507.05 
ar=    47.35 48802.77 48518.90 139908.87 137961.45 254388.14 249619.00 460458.81 453521.46 886687.95 863288.62 
ar=    44.98 48770.71 48452.12 139289.60 138732.20 253214.69 248273.48 466914.70 460410.54 871498.89 885561.06 
ar=    42.73 48707.97 48215.10 139474.29 137498.44 254934.38 248500.97 460399.11 451353.50 890989.06 864921.40 
ar=    40.59 48497.23 48128.14 140392.52 136453.04 252051.89 247821.20 468782.38 459289.69 886198.77 858912.32 
ar=    38.55 48280.26 48558.93 140124.76 136622.87 249390.00 245839.17 456041.72 448028.54 857215.70 838936.64 
ar=    36.62 48239.66 48419.96 139217.43 136968.51 251150.57 245918.94 455701.47 449157.02 895714.55 866642.18 
ar=    34.79 53622.33 52150.88 138285.00 137240.69 250747.84 245455.18 462754.01 449382.32 885056.09 858011.46 
ar=    33.05 63804.62 61694.75 139155.31 136986.11 246539.99 243959.75 466589.61 455814.19 919194.92 887202.81 
ar=    31.39 71550.87 69807.50 138840.23 135151.11 246579.25 242539.66 449542.16 437043.01 859823.07 841329.31 
ar=    29.82 71634.50 70367.91 139570.91 136383.69 244953.68 239375.63 445535.28 437365.16 849807.85 816304.25 
ar=    28.33 71712.84 70273.46 137968.98 135466.03 242823.79 237794.51 445917.89 436646.00 849283.99 829218.65 
ar=    26.91 71431.79 70180.08 136663.57 133198.02 245770.86 238873.31 448923.91 437217.46 845186.07 811235.65 
ar=    25.55 71412.78 70078.20 138954.82 135253.71 264312.34 240001.14 469521.44 455698.13 862987.49 825250.28 
ar=    24.27 71214.39 69965.84 136081.25 132482.15 260713.15 255996.14 456121.37 442167.57 923762.49 881603.73 
ar=    23.05 71253.61 70139.83 135135.52 132421.54 262046.61 256433.72 444323.00 433376.22 839947.41 800798.56 
ar=    21.90 71045.68 69788.77 135410.06 132325.52 263010.88 256931.43 441920.92 428552.04 862953.62 821476.91 
ar=    20.80 71177.11 69936.81 135614.65 131961.64 259486.04 256543.51 437977.39 426128.08 814529.85 781266.50 
ar=    19.75 70966.34 69591.74 134786.58 132854.21 258262.34 254577.21 452202.01 436063.90 853429.46 809613.76 
ar=    18.76 70984.14 69508.89 133797.25 133328.67 265874.50 261625.28 447196.60 433668.95 843522.92 808061.68 
ar=    17.81 70831.78 69354.15 134844.65 131991.10 261958.12 255895.56 433682.59 419774.71 804625.14 761541.11 
ar=    16.92 70561.24 69140.84 135416.69 131597.65 257355.46 252203.63 445302.62 430579.37 811142.76 757445.76 
ar=    16.07 70791.84 69440.19 135251.95 131153.51 258965.79 252100.49 436336.59 422498.78 798385.46 757978.70 
