#minMemory=16384 maxMemory=268435456 minThreads=1 maxThreads=32 writing to iresults/e5-2630v3-lat-p1At band=0 lat=1
#increaseArray=0.950000 timestep=0.400000 cacheSize=32768 cacheLineSize=128
#affinity=1 affinity_wide=1
#numPages=1
ar= 262144.00   61.67   61.67   27.63   55.25   14.33   57.33    8.09   64.68    4.49   71.79    4.23  135.45 
ar= 249036.80   62.32   62.32   25.91   51.81   14.17   56.67    7.76   62.05    4.01   64.08    2.41   77.02 
ar= 236584.95   62.38   62.38   25.91   51.81   13.93   55.73    7.75   61.97    4.00   63.95    2.42   77.39 
ar= 224755.70   62.31   62.31   25.72   51.44   13.94   55.77    7.77   62.20    3.97   63.48    2.42   77.30 
ar= 213517.91   62.36   62.36   25.91   51.82   13.94   55.78    7.87   62.99    3.96   63.42    2.40   76.90 
ar= 202842.02   62.32   62.32   25.91   51.83   13.96   55.85    7.90   63.22    3.95   63.13    2.45   78.53 
ar= 192699.91   62.43   62.43   25.79   51.58   13.92   55.70    8.00   63.99    3.94   63.07    2.40   76.76 
ar= 183064.91   62.34   62.34   25.72   51.43   13.79   55.17    8.11   64.84    3.94   62.99    2.37   75.82 
ar= 173911.66   62.35   62.35   25.77   51.54   13.96   55.85    7.72   61.74    3.92   62.71    2.41   77.23 
ar= 165216.08   62.34   62.34   25.89   51.78   13.96   55.85    8.19   65.52    3.96   63.35    2.42   77.42 
ar= 156955.27   62.36   62.36   25.81   51.61   13.92   55.66    8.45   67.63    3.99   63.84    2.41   77.08 
ar= 149107.51   62.34   62.34   25.90   51.80   13.95   55.80    8.42   67.35    3.94   63.04    2.39   76.58 
ar= 141652.12   62.34   62.34   25.79   51.59   13.95   55.81    8.49   67.95    3.97   63.48    2.39   76.55 
ar= 134569.52   62.33   62.33   25.88   51.75   13.96   55.82    7.77   62.19    3.96   63.28    2.40   76.66 
ar= 127841.04   62.35   62.35   25.82   51.64   13.88   55.53    8.11   64.85    3.91   62.58    2.37   75.94 
ar= 121448.98   62.32   62.32   25.82   51.64   13.90   55.61    8.43   67.44    3.94   63.07    2.38   76.21 
ar= 115376.53   62.33   62.33   25.87   51.74   13.93   55.72    8.38   67.06    3.93   62.90    2.40   76.86 
ar= 109607.70   62.32   62.32   25.68   51.36   13.96   55.83    8.38   67.04    3.91   62.58    2.23   71.50 
ar= 104127.31   62.35   62.35   25.76   51.52   14.22   56.86    7.88   63.05    3.94   63.04    2.36   75.56 
ar= 98920.95   62.36   62.36   25.78   51.56   14.42   57.68    8.32   66.52    3.96   63.36    2.36   75.66 
ar= 93974.89   62.35   62.35   25.82   51.65   14.66   58.63    8.51   68.09    3.92   62.72    2.38   76.28 
ar= 89276.14   62.37   62.37   25.91   51.81   15.02   60.08    8.52   68.14    3.91   62.50    2.22   70.91 
ar= 84812.33   62.32   62.32   25.68   51.35   15.41   61.65    8.42   67.35    3.91   62.61    2.20   70.30 
ar= 80571.71   62.38   62.38   25.77   51.53   15.58   62.33    8.43   67.45    3.89   62.16    2.36   75.51 
ar= 76543.12   62.36   62.36   25.74   51.48   15.64   62.55    8.42   67.36    3.85   61.60    2.35   75.09 
ar= 72715.97   62.41   62.41   25.41   50.82   15.77   63.08    8.23   65.88    3.84   61.50    1.41   45.08 
ar= 69080.16   62.35   62.35   24.98   49.95   15.67   62.69    8.43   67.42    3.83   61.25    1.14   36.51 
ar= 65626.15   62.35   62.35   24.74   49.47   15.83   63.33    7.90   63.22    3.79   60.64    1.15   36.89 
ar= 62344.84   62.38   62.38   24.01   48.02   15.86   63.42    8.31   66.52    3.78   60.44    1.19   38.07 
ar= 59227.59   62.36   62.36   22.64   45.28   15.77   63.08    8.41   67.32    3.03   48.46    0.99   31.71 
ar= 56266.21   62.39   62.39   20.90   41.80   15.84   63.37    8.37   67.00    1.60   25.56    0.95   30.43 
ar= 53452.90   62.34   62.34   18.80   37.61   15.59   62.37    7.83   62.65    1.63   26.09    0.91   29.08 
ar= 50780.25   62.38   62.38   16.66   33.32   15.50   62.00    8.09   64.69    1.47   23.50    0.86   27.59 
ar= 48241.23   62.34   62.34   14.43   28.85   15.37   61.49    8.36   66.87    1.41   22.50    0.78   25.02 
ar= 45829.17   62.32   62.32   11.87   23.74   15.25   61.01    7.82   62.52    1.38   22.07    0.72   23.16 
ar= 43537.71   62.13   62.13    9.39   18.78   14.45   57.78    8.16   65.25    1.31   20.99    0.76   24.16 
ar= 41360.82   61.83   61.83    7.31   14.62    7.47   29.87    8.08   64.62    1.29   20.67    0.70   22.55 
ar= 39292.77   61.62   61.62    6.53   13.06    6.28   25.14    7.97   63.73    1.20   19.25    0.73   23.32 
ar= 37328.13   61.30   61.30    5.74   11.49    6.08   24.31    5.61   44.90    1.17   18.68    0.71   22.76 
ar= 35461.72   61.00   61.00    5.46   10.93    5.62   22.49    4.06   32.48    1.13   18.15    0.63   20.15 
ar= 33688.63   60.23   60.23    5.47   10.95    5.15   20.60    3.47   27.77    1.05   16.82    0.66   21.06 
ar= 32004.20   58.86   58.86    5.45   10.90    4.87   19.48    3.11   24.91    0.92   14.75    0.65   20.67 
ar= 30403.98   56.20   56.20    5.42   10.85    4.83   19.30    2.82   22.55    0.95   15.13    0.59   19.04 
ar= 28883.78   52.08   52.08    5.38   10.77    4.72   18.89    2.63   21.02    0.84   13.45    0.60   19.07 
ar= 27439.59   47.44   47.44    5.42   10.83    4.41   17.65    2.67   21.35    0.82   13.17    0.60   19.09 
ar= 26067.60   42.03   42.03    5.43   10.86    4.06   16.25    2.61   20.86    0.81   12.92    0.62   19.88 
ar= 24764.22   36.62   36.62    5.40   10.80    3.81   15.25    2.57   20.60    0.81   12.94    0.59   18.95 
ar= 23526.01   30.67   30.67    5.35   10.69    3.33   13.30    2.51   20.09    0.79   12.57    0.61   19.59 
ar= 22349.70   24.09   24.09    5.40   10.79    3.53   14.11    2.32   18.58    0.77   12.26    0.61   19.39 
ar= 21232.21   16.62   16.62    5.44   10.88    2.89   11.55    2.28   18.21    0.77   12.26    0.59   18.98 
ar= 20170.59   13.47   13.47    5.43   10.85    2.90   11.61    2.08   16.63    0.80   12.85    0.60   19.11 
ar= 19162.06   10.96   10.96    5.42   10.83    2.84   11.38    2.00   15.99    0.77   12.28    0.60   19.27 
ar= 18203.95   11.10   11.10    5.41   10.83    2.80   11.20    1.95   15.61    0.76   12.17    0.59   18.95 
ar= 17293.75   10.59   10.59    5.43   10.85    2.87   11.47    1.77   14.20    0.77   12.34    0.59   18.98 
ar= 16429.06   10.58   10.58    5.42   10.84    2.82   11.28    1.80   14.39    0.77   12.26    0.60   19.07 
ar= 15607.61   10.59   10.59    5.40   10.80    2.85   11.40    1.67   13.38    0.78   12.50    0.59   18.80 
ar= 14827.23   10.59   10.59    5.41   10.82    2.85   11.40    1.61   12.90    0.77   12.39    0.59   18.74 
ar= 14085.86   10.61   10.61    5.38   10.75    2.83   11.30    1.63   13.05    0.77   12.32    0.60   19.14 
ar= 13381.56   10.62   10.62    5.39   10.78    2.81   11.24    1.55   12.37    0.77   12.35    0.59   19.02 
ar= 12712.48   10.61   10.61    5.34   10.68    2.84   11.35    1.53   12.22    0.76   12.19    0.59   18.90 
ar= 12076.86   10.61   10.61    5.44   10.88    2.83   11.31    1.52   12.13    0.76   12.23    0.58   18.42 
ar= 11473.02   10.61   10.61    5.44   10.87    2.83   11.32    1.51   12.10    0.77   12.37    0.59   18.91 
ar= 10899.36   10.61   10.61    5.39   10.79    2.82   11.27    1.51   12.10    0.77   12.27    0.58   18.71 
ar= 10354.39   10.60   10.60    5.38   10.77    2.84   11.34    1.52   12.20    0.77   12.29    0.57   18.36 
ar=  9836.66   10.63   10.63    5.44   10.88    2.83   11.32    1.51   12.08    0.77   12.24    0.57   18.14 
ar=  9344.83   10.61   10.61    5.43   10.86    2.83   11.30    1.51   12.11    0.78   12.44    0.58   18.48 
ar=  8877.59   10.61   10.61    5.41   10.81    2.82   11.28    1.52   12.16    0.77   12.36    0.54   17.41 
ar=  8433.70   10.61   10.61    5.42   10.84    2.82   11.28    1.52   12.16    0.77   12.31    0.55   17.50 
ar=  8012.02   10.61   10.61    5.40   10.81    2.81   11.25    1.52   12.18    0.76   12.13    0.53   17.00 
ar=  7611.41   10.62   10.62    5.37   10.75    2.80   11.18    1.52   12.16    0.77   12.35    0.50   16.08 
ar=  7230.84   10.62   10.62    5.39   10.78    2.83   11.32    1.52   12.15    0.76   12.22    0.57   18.21 
ar=  6869.29   10.62   10.62    5.44   10.88    2.82   11.26    1.51   12.11    0.76   12.18    0.50   16.11 
ar=  6525.82   10.62   10.62    5.44   10.87    2.82   11.27    1.51   12.07    0.76   12.17    0.49   15.77 
ar=  6199.52   10.62   10.62    5.40   10.81    2.84   11.36    1.52   12.14    0.75   12.07    0.55   17.65 
ar=  5889.55   10.61   10.61    5.46   10.91    2.82   11.28    1.52   12.16    0.77   12.33    0.43   13.91 
ar=  5595.06   10.60   10.60    5.44   10.89    2.83   11.30    1.52   12.14    0.77   12.36    0.45   14.31 
ar=  5315.30   10.63   10.63    5.41   10.83    2.83   11.30    1.51   12.12    0.70   11.28    0.43   13.80 
ar=  5049.54   10.62   10.62    5.44   10.88    2.84   11.36    1.53   12.20    0.73   11.70    0.41   13.09 
ar=  4797.05   10.64   10.64    5.42   10.84    2.81   11.22    1.53   12.23    0.66   10.58    0.41   13.18 
ar=  4557.20   10.62   10.62    5.46   10.92    2.82   11.26    1.52   12.17    0.66   10.51    0.35   11.21 
ar=  4329.33   10.63   10.63    5.40   10.81    2.83   11.30    1.52   12.18    0.66   10.49    0.36   11.51 
ar=  4112.86   10.63   10.63    5.44   10.88    2.83   11.33    1.52   12.17    0.65   10.33    0.35   11.36 
ar=  3907.21   10.60   10.60    5.45   10.91    2.82   11.27    1.53   12.22    0.55    8.87    0.32   10.36 
ar=  3711.84   10.61   10.61    5.42   10.85    2.81   11.25    1.51   12.10    0.55    8.77    0.30    9.69 
ar=  3526.25   10.61   10.61    5.37   10.74    2.82   11.28    1.51   12.05    0.53    8.44    0.30    9.55 
ar=  3349.94   10.59   10.59    5.42   10.83    2.83   11.31    1.51   12.11    0.57    9.14    0.30    9.45 
ar=  3182.44   10.59   10.59    5.48   10.95    2.84   11.35    1.51   12.06    0.54    8.59    0.29    9.23 
ar=  3023.31   10.65   10.65    5.50   11.00    2.84   11.35    1.51   12.12    0.51    8.08    0.33   10.51 
ar=  2872.14   10.64   10.64    5.45   10.91    2.82   11.27    1.43   11.45    0.48    7.76    0.26    8.26 
ar=  2728.53   10.64   10.64    5.45   10.90    2.82   11.30    1.43   11.44    0.50    7.95    0.28    9.09 
ar=  2592.10   10.66   10.66    5.43   10.86    2.79   11.15    1.48   11.83    0.51    8.10    0.24    7.54 
ar=  2462.49   10.67   10.67    5.38   10.76    2.79   11.15    1.40   11.22    0.41    6.60    0.23    7.48 
ar=  2339.37   10.67   10.67    5.50   11.01    2.79   11.17    1.36   10.91    0.40    6.47    0.26    8.18 
ar=  2222.40   10.65   10.65    5.48   10.95    2.81   11.26    1.40   11.16    0.43    6.81    0.24    7.56 
ar=  2111.27   10.66   10.66    5.40   10.79    2.84   11.36    1.40   11.22    0.42    6.80    0.24    7.71 
ar=  2005.70   10.67   10.67    5.50   11.00    2.79   11.16    1.27   10.17    0.43    6.89    0.23    7.22 
ar=  1905.41   10.65   10.65    5.50   11.01    2.77   11.10    1.19    9.54    0.30    4.79    0.22    7.08 
ar=  1810.14   10.68   10.68    5.45   10.89    2.84   11.38    1.06    8.45    0.30    4.76    0.23    7.38 
ar=  1719.63   10.70   10.70    5.43   10.86    2.80   11.19    1.05    8.43    0.30    4.78    0.22    6.94 
ar=  1633.65   10.68   10.68    5.41   10.83    2.81   11.25    1.06    8.48    0.30    4.76    0.22    7.05 
ar=  1551.96   10.71   10.71    5.47   10.93    2.78   11.13    0.86    6.86    0.30    4.74    0.22    6.91 
ar=  1474.36   10.70   10.70    5.42   10.85    2.65   10.61    0.77    6.18    0.29    4.70    0.21    6.85 
ar=  1400.64   10.68   10.68    5.42   10.83    2.47    9.87    0.78    6.25    0.30    4.74    0.22    7.04 
ar=  1330.60   10.69   10.69    5.39   10.77    2.49    9.95    0.80    6.44    0.30    4.75    0.21    6.84 
ar=  1264.07   10.68   10.68    5.47   10.94    2.53   10.11    0.81    6.51    0.30    4.75    0.22    6.91 
ar=  1200.86   10.70   10.70    5.51   11.01    2.51   10.03    0.80    6.43    0.30    4.74    0.22    7.09 
ar=  1140.81   10.68   10.68    5.45   10.89    2.50   10.01    0.83    6.66    0.30    4.73    0.21    6.84 
ar=  1083.77   10.69   10.69    5.48   10.95    2.43    9.70    0.82    6.58    0.30    4.76    0.19    6.11 
ar=  1029.57   10.71   10.71    5.47   10.95    2.27    9.07    0.85    6.82    0.30    4.78    0.18    5.89 
ar=   978.09   10.70   10.70    5.45   10.89    2.14    8.56    0.84    6.68    0.30    4.79    0.18    5.63 
ar=   929.18   10.72   10.72    5.42   10.83    2.04    8.17    0.87    6.96    0.30    4.75    0.18    5.74 
ar=   882.72   10.68   10.68    5.42   10.84    2.08    8.33    0.59    4.70    0.30    4.77    0.18    5.63 
ar=   838.58   10.73   10.73    5.39   10.78    1.95    7.81    0.59    4.69    0.30    4.77    0.18    5.68 
ar=   796.65   10.67   10.67    5.41   10.83    1.74    6.96    0.59    4.71    0.30    4.76    0.18    5.69 
ar=   756.81   10.71   10.71    5.03   10.07    1.71    6.83    0.59    4.69    0.30    4.78    0.18    5.79 
ar=   718.97   10.75   10.75    4.84    9.68    1.73    6.91    0.58    4.67    0.30    4.77    0.17    5.48 
ar=   683.02   10.69   10.69    4.97    9.94    1.81    7.24    0.59    4.71    0.30    4.79    0.17    5.33 
ar=   648.86   10.70   10.70    5.05   10.10    1.42    5.67    0.59    4.74    0.30    4.77    0.16    5.17 
ar=   616.41   10.73   10.73    5.10   10.20    1.43    5.74    0.59    4.74    0.29    4.67    0.15    4.92 
ar=   585.59   10.74   10.74    4.74    9.47    1.48    5.93    0.59    4.74    0.28    4.52    0.14    4.40 
ar=   556.30   10.74   10.74    4.83    9.65    1.50    6.01    0.59    4.74    0.24    3.79    0.13    4.15 
ar=   528.48   10.34   10.34    4.37    8.75    1.57    6.29    0.59    4.74    0.17    2.73    0.11    3.51 
ar=   502.05   10.34   10.34    4.21    8.42    1.52    6.10    0.59    4.72    0.13    2.02    0.09    2.93 
ar=   476.95   10.40   10.40    4.38    8.76    1.56    6.25    0.59    4.71    0.12    1.99    0.09    2.90 
ar=   453.09    9.93    9.93    3.88    7.76    1.03    4.11    0.59    4.73    0.12    2.00    0.09    2.91 
ar=   430.44    9.88    9.88    3.85    7.69    1.02    4.09    0.59    4.75    0.12    2.00    0.09    3.02 
ar=   408.91    9.89    9.89    3.84    7.68    1.03    4.11    0.60    4.78    0.12    2.00    0.09    3.03 
ar=   388.46    9.91    9.91    4.06    8.12    1.04    4.14    0.59    4.75    0.12    1.99    0.09    2.92 
ar=   369.03    9.90    9.90    4.08    8.17    1.04    4.14    0.60    4.80    0.12    2.00    0.09    2.92 
ar=   350.58    9.86    9.86    4.14    8.27    1.04    4.15    0.60    4.80    0.13    2.00    0.09    2.93 
ar=   333.05    9.83    9.83    3.98    7.97    1.04    4.15    0.60    4.77    0.13    2.00    0.09    3.01 
ar=   316.39   10.02   10.02    3.54    7.08    1.04    4.15    0.58    4.67    0.13    2.00    0.09    2.94 
ar=   300.57    9.22    9.22    3.37    6.75    1.04    4.17    0.57    4.56    0.13    2.01    0.09    2.98 
ar=   285.54    9.16    9.16    1.92    3.83    1.03    4.10    0.54    4.30    0.13    2.02    0.09    2.97 
ar=   271.26    8.22    8.22    1.93    3.85    1.04    4.16    0.41    3.28    0.13    2.02    0.09    3.02 
ar=   257.69    8.22    8.22    1.91    3.82    1.04    4.14    0.27    2.17    0.13    2.04    0.10    3.08 
ar=   244.80    8.38    8.38    1.93    3.86    1.03    4.13    0.25    2.02    0.13    2.03    0.09    3.02 
ar=   232.55    7.45    7.45    1.94    3.88    1.03    4.12    0.25    2.00    0.13    2.03    0.09    3.02 
ar=   220.92    7.35    7.35    1.93    3.86    1.03    4.14    0.25    2.00    0.13    2.03    0.10    3.10 
ar=   209.88    6.97    6.97    1.92    3.83    1.03    4.10    0.25    2.00    0.13    2.08    0.10    3.16 
ar=   199.38    6.43    6.43    1.92    3.84    1.03    4.12    0.25    2.00    0.13    2.07    0.10    3.08 
ar=   189.41    5.14    5.14    1.93    3.87    1.04    4.17    0.25    1.99    0.13    2.05    0.10    3.10 
ar=   179.93    3.79    3.79    1.93    3.86    1.04    4.14    0.25    2.00    0.13    2.08    0.10    3.12 
ar=   170.93    5.33    5.33    1.93    3.86    1.03    4.13    0.25    2.01    0.13    2.10    0.10    3.12 
ar=   162.38    3.78    3.78    1.93    3.86    1.03    4.14    0.25    2.01    0.13    2.08    0.10    3.16 
ar=   154.26    3.77    3.77    1.91    3.83    1.05    4.18    0.25    2.00    0.13    2.08    0.06    1.76 
ar=   146.54    3.79    3.79    1.93    3.87    0.97    3.87    0.25    2.01    0.13    2.09    0.05    1.73 
ar=   139.21    3.76    3.76    1.94    3.87    0.86    3.43    0.25    2.01    0.13    2.09    0.05    1.72 
ar=   132.25    3.78    3.78    1.95    3.89    0.61    2.42    0.25    2.02    0.13    2.10    0.05    1.70 
ar=   125.63    3.78    3.78    1.91    3.81    0.44    1.75    0.25    2.02    0.13    2.12    0.06    1.80 
ar=   119.34    3.78    3.78    1.91    3.82    0.44    1.74    0.25    2.03    0.13    2.16    0.05    1.64 
ar=   113.38    3.80    3.80    1.93    3.85    0.44    1.74    0.25    2.04    0.13    2.15    0.05    1.64 
ar=   107.70    3.78    3.78    1.91    3.83    0.43    1.74    0.26    2.04    0.13    2.16    0.05    1.57 
ar=   102.31    3.80    3.80    1.95    3.90    0.44    1.74    0.25    2.04    0.14    2.17    0.05    1.56 
ar=    97.20    3.79    3.79    1.95    3.90    0.44    1.75    0.26    2.04    0.14    2.18    0.05    1.58 
ar=    92.33    3.80    3.80    1.91    3.82    0.44    1.76    0.26    2.05    0.14    2.19    0.05    1.55 
ar=    87.71    3.80    3.80    1.94    3.89    0.44    1.74    0.26    2.06    0.14    2.20    0.06    1.94 
ar=    83.32    3.80    3.80    1.94    3.88    0.44    1.76    0.26    2.06    0.13    2.09    0.06    2.02 
ar=    79.15    3.80    3.80    1.92    3.83    0.44    1.76    0.26    2.07    0.14    2.23    0.05    1.64 
ar=    75.19    3.78    3.78    1.87    3.73    0.44    1.77    0.26    2.08    0.08    1.33    0.05    1.44 
ar=    71.42    3.79    3.79    1.74    3.49    0.44    1.77    0.26    2.09    0.14    2.24    0.04    1.41 
ar=    67.84    3.85    3.85    1.30    2.60    0.44    1.78    0.26    2.10    0.06    0.96    0.04    1.34 
ar=    64.45    3.78    3.78    0.89    1.78    0.44    1.77    0.26    2.11    0.05    0.86    0.04    1.41 
ar=    61.22    3.83    3.83    0.80    1.61    0.44    1.78    0.26    2.11    0.06    0.93    0.04    1.32 
ar=    58.16    3.82    3.82    0.81    1.62    0.45    1.79    0.27    2.13    0.05    0.82    0.04    1.34 
ar=    55.24    3.79    3.79    0.81    1.63    0.45    1.78    0.27    2.14    0.05    0.79    0.04    1.28 
ar=    52.48    3.83    3.83    0.82    1.64    0.45    1.79    0.27    2.16    0.05    0.78    0.04    1.24 
ar=    49.85    3.78    3.78    0.82    1.64    0.45    1.81    0.27    2.16    0.05    0.76    0.04    1.23 
ar=    47.35    3.79    3.79    0.81    1.62    0.45    1.80    0.27    2.18    0.05    0.76    0.04    1.28 
ar=    44.98    3.80    3.80    0.82    1.63    0.45    1.81    0.27    2.13    0.13    2.03    0.04    1.19 
ar=    42.73    3.80    3.80    0.82    1.64    0.46    1.83    0.27    2.19    0.13    2.09    0.04    1.18 
ar=    40.59    3.82    3.82    0.83    1.65    0.46    1.83    0.28    2.20    0.14    2.21    0.04    1.17 
ar=    38.55    3.66    3.66    0.81    1.63    0.46    1.83    0.23    1.86    0.05    0.75    0.04    1.25 
ar=    36.62    3.54    3.54    0.82    1.64    0.46    1.83    0.25    1.98    0.04    0.67    0.04    1.26 
ar=    34.79    2.97    2.97    0.83    1.65    0.46    1.84    0.18    1.47    0.04    0.68    0.04    1.25 
ar=    33.05    2.10    2.10    0.82    1.64    0.47    1.86    0.12    0.92    0.04    0.63    0.04    1.21 
ar=    31.39    1.60    1.60    0.83    1.65    0.47    1.86    0.11    0.85    0.04    0.62    0.04    1.30 
ar=    29.82    1.60    1.60    0.83    1.66    0.46    1.86    0.10    0.81    0.04    0.68    0.04    1.27 
ar=    28.33    1.60    1.60    0.84    1.67    0.47    1.87    0.10    0.79    0.04    0.68    0.04    1.26 
ar=    26.91    1.60    1.60    0.83    1.65    0.47    1.89    0.10    0.77    0.04    0.65    0.04    1.33 
ar=    25.55    1.61    1.61    0.83    1.67    0.48    1.90    0.10    0.76    0.04    0.68    0.04    1.31 
ar=    24.27    1.61    1.61    0.84    1.68    0.48    1.91    0.09    0.75    0.04    0.68    0.04    1.35 
ar=    23.05    1.60    1.60    0.84    1.69    0.48    1.91    0.09    0.75    0.03    0.56    0.04    1.40 
ar=    21.90    1.61    1.61    0.84    1.67    0.48    1.92    0.19    1.52    0.03    0.55    0.04    1.40 
ar=    20.80    1.62    1.62    0.84    1.69    0.48    1.94    0.28    2.25    0.03    0.56    0.05    1.45 
ar=    19.75    1.62    1.62    0.85    1.70    0.49    1.94    0.09    0.73    0.05    0.77    0.05    1.46 
ar=    18.76    1.62    1.62    0.86    1.71    0.25    0.98    0.08    0.66    0.05    0.77    0.05    1.44 
ar=    17.81    1.62    1.62    0.85    1.69    0.49    1.96    0.09    0.68    0.04    0.66    0.04    1.39 
ar=    16.92    1.63    1.63    0.86    1.71    0.20    0.79    0.09    0.68    0.04    0.66    0.04    1.43 
ar=    16.07    1.63    1.63    0.86    1.72    0.19    0.76    0.08    0.63    0.04    0.65    0.03    1.01 
