#minMemory=16384 maxMemory=67108864 minThreads=1 maxThreads=4 writing to results/i5-4570-lat-p1 band=0 lat=1
#increaseArray=0.950000 timestep=0.400000 cacheSize=32768 cacheLineSize=128
#affinity=0 affinity_wide=0
#numPages=1
ar= 65536.00   39.78   39.78   20.91   41.83   11.47   45.88 
ar= 62259.20   39.25   39.25   20.28   40.56   11.22   44.90 
ar= 59146.23   39.41   39.41   20.36   40.72   11.19   44.76 
ar= 56188.92   39.31   39.31   20.40   40.80   11.33   45.31 
ar= 53379.47   39.33   39.33   20.32   40.65   11.50   45.99 
ar= 50710.49   39.40   39.40   20.28   40.57   11.31   45.24 
ar= 48174.96   39.41   39.41   20.25   40.51   11.43   45.71 
ar= 45766.21   39.34   39.34   20.35   40.70   11.55   46.21 
ar= 43477.90   39.40   39.40   20.50   40.99   11.22   44.90 
ar= 41304.00   39.34   39.34   20.37   40.75   11.19   44.77 
ar= 39238.80   39.31   39.31   20.40   40.79   11.23   44.92 
ar= 37276.85   39.33   39.33   20.54   41.07   11.35   45.41 
ar= 35413.01   39.42   39.42   20.49   40.98   11.75   46.98 
ar= 33642.35   39.43   39.43   20.45   40.91   11.62   46.48 
ar= 31960.23   39.55   39.55   20.37   40.75   11.58   46.33 
ar= 30362.21   39.38   39.38   20.38   40.75   11.59   46.38 
ar= 28844.09   39.44   39.44   20.69   41.37   11.75   47.00 
ar= 27401.88   39.52   39.52   20.58   41.17   11.74   46.95 
ar= 26031.78   39.61   39.61   20.43   40.86   11.67   46.68 
ar= 24730.19   39.48   39.48   20.66   41.31   11.54   46.16 
ar= 23493.67   39.41   39.41   20.62   41.24   11.53   46.10 
ar= 22318.98   39.09   39.09   20.45   40.91   11.44   45.77 
ar= 21203.03   39.18   39.18   20.45   40.91   11.29   45.17 
ar= 20142.88   38.76   38.76   20.20   40.40   11.32   45.26 
ar= 19135.73   38.60   38.60   20.07   40.14   11.15   44.59 
ar= 18178.94   37.87   37.87   19.70   39.40   11.14   44.55 
ar= 17269.98   37.64   37.64   19.28   38.55   10.94   43.75 
ar= 16406.48   36.88   36.88   19.20   38.39   10.72   42.88 
ar= 15586.16   35.97   35.97   19.10   38.20   10.40   41.59 
ar= 14806.84   35.44   35.44   18.69   37.38    8.96   35.82 
ar= 14066.50   34.43   34.43   18.13   36.27    9.89   39.57 
ar= 13363.17   33.79   33.79   17.44   34.88    7.70   30.81 
ar= 12695.01   32.53   32.53   16.97   33.94    9.09   36.37 
ar= 12060.25   31.21   31.21   16.35   32.69    8.40   33.59 
ar= 11457.23   30.06   30.06   15.90   31.79    6.21   24.82 
ar= 10884.37   29.29   29.29   14.97   29.94    6.11   24.45 
ar= 10340.15   27.78   27.78   14.18   28.37    6.59   26.38 
ar=  9823.14   26.50   26.50   11.29   22.58    5.77   23.08 
ar=  9331.98   24.99   24.99    9.04   18.09    5.56   22.23 
ar=  8865.38   24.07   24.07    9.43   18.87    5.15   20.60 
ar=  8422.10   22.94   22.94    8.27   16.54    5.29   21.15 
ar=  8000.99   21.25   21.25    7.97   15.93    4.35   17.40 
ar=  7600.94   19.70   19.70    7.72   15.44    4.67   18.67 
ar=  7220.89   18.13   18.13    7.51   15.02    4.21   16.85 
ar=  6859.84   23.69   23.69    7.16   14.33    4.17   16.68 
ar=  6516.85   16.42   16.42    6.78   13.55    3.80   15.20 
ar=  6191.01   14.54   14.54    7.09   14.18    3.65   14.61 
ar=  5881.45   15.39   15.39    6.49   12.97    3.47   13.87 
ar=  5587.38   12.61   12.61    6.03   12.06    3.37   13.46 
ar=  5308.00   10.31   10.31    6.00   12.00    3.21   12.83 
ar=  5042.59    8.67    8.67    5.07   10.13    3.01   12.04 
ar=  4790.46    8.11    8.11    5.72   11.43    3.18   12.72 
ar=  4550.94    9.95    9.95    5.66   11.32    2.85   11.40 
ar=  4323.39    8.91    8.91    4.94    9.88    2.66   10.66 
ar=  4107.22    8.60    8.60    4.79    9.58    2.72   10.88 
ar=  3901.85    8.61    8.61    4.48    8.96    2.60   10.39 
ar=  3706.76    8.11    8.11    4.36    8.71    2.40    9.61 
ar=  3521.41    8.00    8.00    4.50    9.00    2.34    9.38 
ar=  3345.34    7.72    7.72    4.38    8.76    2.33    9.33 
ar=  3178.06    7.73    7.73    4.43    8.86    2.27    9.07 
ar=  3019.16    7.72    7.72    4.33    8.65    2.16    8.65 
ar=  2868.20    7.71    7.71    4.00    8.00    2.17    8.69 
ar=  2724.78    7.71    7.71    4.02    8.04    2.29    9.16 
ar=  2588.54    7.71    7.71    4.02    8.04    2.22    8.86 
ar=  2459.11    7.70    7.70    4.01    8.01    2.13    8.51 
ar=  2336.15    7.69    7.69    3.99    7.97    2.12    8.49 
ar=  2219.34    7.68    7.68    4.02    8.03    2.12    8.49 
ar=  2108.37    7.68    7.68    4.21    8.41    2.13    8.52 
ar=  2002.95    7.77    7.77    4.02    8.04    2.12    8.47 
ar=  1902.80    7.77    7.77    4.00    8.00    2.12    8.47 
ar=  1807.66    7.77    7.77    4.00    7.99    2.12    8.47 
ar=  1717.27    7.77    7.77    4.03    8.06    2.12    8.48 
ar=  1631.41    7.76    7.76    3.99    7.98    2.12    8.47 
ar=  1549.84    7.76    7.76    3.99    7.98    2.14    8.54 
ar=  1472.34    7.76    7.76    4.00    8.00    2.14    8.58 
ar=  1398.73    7.77    7.77    4.01    8.02    2.09    8.36 
ar=  1328.79    7.77    7.77    4.01    8.02    2.08    8.31 
ar=  1262.34    7.75    7.75    3.99    7.98    2.00    8.00 
ar=  1199.23    7.74    7.74    3.97    7.94    1.97    7.89 
ar=  1139.26    7.77    7.77    4.00    8.00    1.99    7.95 
ar=  1082.29    7.75    7.75    3.99    7.97    1.86    7.44 
ar=  1028.17    7.76    7.76    3.98    7.95    1.78    7.10 
ar=   976.76    7.75    7.75    4.00    7.99    1.66    6.63 
ar=   927.91    7.75    7.75    4.01    8.03    1.47    5.88 
ar=   881.52    7.74    7.74    4.02    8.04    1.51    6.04 
ar=   837.44    7.73    7.73    4.02    8.05    1.33    5.33 
ar=   795.56    7.75    7.75    4.02    8.03    1.41    5.65 
ar=   755.78    7.73    7.73    4.01    8.01    1.36    5.44 
ar=   717.99    7.72    7.72    3.88    7.76    1.37    5.49 
ar=   682.09    7.74    7.74    3.79    7.58    1.42    5.67 
ar=   647.98    7.71    7.71    4.16    8.33    1.39    5.56 
ar=   615.57    7.72    7.72    3.84    7.68    1.18    4.71 
ar=   584.79    7.72    7.72    3.11    6.22    1.20    4.79 
ar=   555.55    7.74    7.74    3.24    6.48    1.22    4.86 
ar=   527.77    7.73    7.73    3.55    7.10    0.91    3.63 
ar=   501.38    7.72    7.72    2.83    5.66    0.91    3.64 
ar=   476.30    7.70    7.70    2.76    5.53    0.91    3.63 
ar=   452.48    7.47    7.47    2.85    5.69    0.90    3.60 
ar=   429.86    7.44    7.44    2.89    5.78    0.91    3.65 
ar=   408.36    7.45    7.45    2.27    4.53    0.90    3.61 
ar=   387.94    7.49    7.49    2.25    4.51    0.91    3.62 
ar=   368.54    7.52    7.52    2.22    4.44    0.91    3.64 
ar=   350.11    7.56    7.56    2.25    4.50    0.91    3.62 
ar=   332.60    7.57    7.57    2.25    4.50    0.90    3.60 
ar=   315.97    6.89    6.89    2.21    4.42    0.90    3.61 
ar=   300.16    6.55    6.55    1.71    3.42    0.90    3.60 
ar=   285.15    6.79    6.79    1.70    3.39    0.91    3.64 
ar=   270.89    6.24    6.24    1.69    3.39    0.91    3.63 
ar=   257.34    6.33    6.33    1.70    3.39    0.91    3.63 
ar=   244.48    6.27    6.27    1.70    3.40    0.91    3.62 
ar=   232.25    5.58    5.58    1.70    3.39    0.91    3.63 
ar=   220.63    5.52    5.52    1.68    3.36    0.91    3.62 
ar=   209.59    4.17    4.17    1.69    3.38    0.91    3.62 
ar=   199.11    4.23    4.23    1.69    3.38    0.91    3.64 
ar=   189.15    4.34    4.34    1.69    3.38    0.91    3.66 
ar=   179.69    4.36    4.36    1.71    3.41    0.92    3.68 
ar=   170.70    4.47    4.47    1.70    3.39    0.92    3.68 
ar=   162.16    3.40    3.40    1.69    3.38    0.93    3.71 
ar=   154.05    3.42    3.42    1.69    3.38    0.89    3.58 
ar=   146.35    3.40    3.40    1.70    3.39    0.85    3.39 
ar=   139.03    3.36    3.36    1.69    3.37    0.71    2.85 
ar=   132.08    3.44    3.44    1.69    3.38    0.51    2.06 
ar=   125.47    3.36    3.36    1.70    3.40    0.38    1.54 
ar=   119.20    3.38    3.38    1.70    3.40    0.38    1.54 
ar=   113.23    3.38    3.38    1.70    3.39    0.38    1.53 
ar=   107.57    3.36    3.36    1.70    3.39    0.38    1.54 
ar=   102.19    3.37    3.37    1.70    3.40    0.38    1.54 
ar=    97.08    3.36    3.36    1.71    3.41    0.38    1.53 
ar=    92.22    3.36    3.36    1.70    3.41    0.38    1.54 
ar=    87.60    3.38    3.38    1.70    3.40    0.39    1.54 
ar=    83.22    3.37    3.37    1.70    3.39    0.39    1.54 
ar=    79.05    3.36    3.36    1.70    3.40    0.39    1.55 
ar=    75.10    3.37    3.37    1.61    3.21    0.39    1.55 
ar=    71.34    3.36    3.36    1.57    3.14    0.39    1.56 
ar=    67.77    3.37    3.37    1.15    2.30    0.39    1.55 
ar=    64.38    3.37    3.37    0.78    1.56    0.39    1.55 
ar=    61.16    3.38    3.38    0.71    1.43    0.39    1.56 
ar=    58.09    3.39    3.39    0.71    1.43    0.39    1.56 
ar=    55.19    3.38    3.38    0.72    1.43    0.39    1.56 
ar=    52.42    3.38    3.38    0.72    1.43    0.39    1.56 
ar=    49.80    3.39    3.39    0.72    1.43    0.39    1.57 
ar=    47.30    3.40    3.40    0.72    1.44    0.39    1.57 
ar=    44.94    3.39    3.39    0.72    1.44    0.39    1.58 
ar=    42.69    3.40    3.40    0.72    1.44    0.40    1.60 
ar=    40.55    3.40    3.40    0.72    1.44    0.40    1.61 
ar=    38.52    3.30    3.30    0.72    1.44    0.40    1.59 
ar=    36.59    3.11    3.11    0.72    1.45    0.40    1.59 
ar=    34.75    2.60    2.60    0.72    1.45    0.40    1.60 
ar=    33.01    1.85    1.85    0.72    1.45    0.40    1.60 
ar=    31.35    1.42    1.42    0.73    1.45    0.40    1.61 
ar=    29.78    1.43    1.43    0.73    1.45    0.40    1.58 
ar=    28.29    1.43    1.43    0.73    1.46    0.39    1.56 
ar=    26.87    1.43    1.43    0.73    1.46    0.40    1.58 
ar=    25.52    1.43    1.43    0.73    1.46    0.40    1.61 
ar=    24.24    1.43    1.43    0.73    1.47    0.41    1.64 
ar=    23.02    1.43    1.43    0.74    1.47    0.41    1.62 
ar=    21.87    1.44    1.44    0.74    1.47    0.42    1.66 
ar=    20.77    1.44    1.44    0.74    1.48    0.41    1.63 
ar=    19.73    1.44    1.44    0.74    1.48    0.40    1.60 
ar=    18.74    1.44    1.44    0.74    1.49    0.24    0.97 
ar=    17.80    1.44    1.44    0.75    1.49    0.42    1.69 
ar=    16.91    1.45    1.45    0.75    1.50    0.20    0.81 
ar=    16.06    1.45    1.45    0.75    1.50    0.17    0.67 
