#minMemory=16384 maxMemory=67108864 minThreads=1 maxThreads=4 writing to results/i5-4570-U band=1 lat=0
#increaseArray=0.950000 timestep=0.400000 cacheSize=6291456 cacheLineSize=128
#affinity=0 affinity_wide=0
#numPages=1
ar= 65536.00 11361.39 11651.35 11780.20 15984.01 10653.89 16100.98 
ar= 62259.20 12373.37 12464.88 15400.31 15477.91 15951.47 16078.74 
ar= 59146.23 12474.80 12504.41 15549.98 15662.36 15912.35 16149.78 
ar= 56188.92 11861.08 11860.28 15651.43 15701.06 15919.06 16126.71 
ar= 53379.47 12061.01 12127.02 15570.38 15638.98 15948.34 16146.89 
ar= 50710.49 12260.53 12252.84 15442.65 15556.06 15931.27 16159.20 
ar= 48174.96 12706.29 12715.66 15721.98 15849.22 15548.82 14633.28 
ar= 45766.21 12503.58 12492.45 15641.56 15722.37 15901.76 16139.02 
ar= 43477.90 12539.65 12624.26 15462.05 15554.52 15698.95 15541.49 
ar= 41304.00 11995.34 11942.34 15613.97 15653.13 15926.50 16148.80 
ar= 39238.80 13092.72 13060.99 15598.88 15724.74 15984.48 16124.91 
ar= 37276.85 12547.17 12650.57 15598.03 15700.82 15465.87 14720.95 
ar= 35413.01 13082.67 13189.60 15563.19 15684.09 15993.98 16127.16 
ar= 33642.35 13087.64 13299.60 15298.31 15429.30 16013.17 16124.83 
ar= 31960.23 13087.21 13146.05 15565.22 15654.67 16063.87 16112.25 
ar= 30362.21 13023.81 13156.63 15545.33 15629.69 15999.83 16148.12 
ar= 28844.09 13354.26 13466.25 15549.08 15620.67 16110.61 16129.96 
ar= 27401.88 13056.68 13227.04 15149.99 15291.57 16141.20 16143.24 
ar= 26031.78 13008.25 13212.88 15472.15 15616.91 16138.48 16121.22 
ar= 24730.19 13026.33 13136.85 15490.69 15603.17 16108.70 16176.75 
ar= 23493.67 13434.15 13519.62 15487.42 15520.61 18615.15 17419.88 
ar= 22318.98 13054.81 13342.70 15401.32 15551.99 17925.61 16067.92 
ar= 21203.03 13444.52 13544.25 15422.88 15563.13 19404.83 19599.26 
ar= 20142.88 13050.13 13177.25 15432.10 15572.79 20365.38 16161.17 
ar= 19135.73 13333.58 13617.22 15146.61 15251.98 16143.25 16189.02 
ar= 18178.94 13593.51 13737.04 15130.02 15296.76 16208.03 16198.06 
ar= 17269.98 13054.22 13210.60 15627.66 14668.42 16188.85 16180.77 
ar= 16406.48 13137.02 13331.77 16345.35 14951.76 16186.16 16171.36 
ar= 15586.16 13177.40 13368.43 16065.41 17600.27 16098.27 16200.74 
ar= 14806.84 13194.74 13397.38 17076.11 16033.67 16179.05 16198.68 
ar= 14066.50 13172.79 13540.22 20132.16 19170.71 16250.67 16259.71 
ar= 13363.17 11740.38 12749.47 21843.99 17898.13 16255.11 16249.97 
ar= 12695.01 14155.18 14260.68 23233.13 23834.76 38799.52 41411.86 
ar= 12060.25 10619.06 13215.04 25355.93 26369.80 42487.06 45209.15 
ar= 11457.23 12569.41 11794.09 25096.00 21358.24 48519.67 42718.69 
ar= 10884.37 15000.72 15137.45 29869.83 27042.89 46125.40 47665.63 
ar= 10340.15 14017.80 13033.35 29135.29 28189.66 48999.70 53908.90 
ar=  9823.14 14762.87 15620.02 32045.06 33489.08 42864.90 55598.96 
ar=  9331.98 14751.80 16527.94 34534.45 33617.81 56127.10 56437.53 
ar=  8865.38 17183.89 17817.90 35266.30 34375.48 59709.94 60752.43 
ar=  8422.10 18980.64 19606.58 37387.20 37177.53 61807.17 58575.42 
ar=  8000.99 20179.72 21074.82 36106.43 35536.13 61126.79 59159.58 
ar=  7600.94 22265.68 22875.79 40166.41 38172.05 65822.43 64220.27 
ar=  7220.89 23231.60 24189.35 42185.29 40832.32 68085.83 66391.54 
ar=  6859.84 25792.01 25219.80 43792.91 44881.99 71897.25 73199.78 
ar=  6516.85 28413.12 27790.66 55042.68 55855.08 83546.15 85012.99 
ar=  6191.01 32189.28 31476.98 60992.11 59631.94 116691.51 117617.93 
ar=  5881.45 32817.74 32036.55 66290.45 62407.22 120939.31 116797.97 
ar=  5587.38 33412.34 32688.94 66676.13 62396.94 122267.00 120177.15 
ar=  5308.00 33714.09 32814.04 63665.70 62590.35 121898.96 121505.33 
ar=  5042.59 33850.13 32856.08 67153.95 62753.08 122218.74 121780.75 
ar=  4790.46 33875.60 32872.87 67369.05 62898.03 121247.53 119887.78 
ar=  4550.94 33906.01 32883.31 67417.29 62920.85 123098.08 120302.83 
ar=  4323.39 32231.67 31545.04 64279.32 62873.71 121194.39 118327.88 
ar=  4107.22 33912.53 32869.27 67460.60 62924.58 122182.33 118361.41 
ar=  3901.85 32241.92 31545.59 67494.74 65455.46 121062.13 118014.64 
ar=  3706.76 33921.01 32890.29 64247.39 62892.18 120204.15 118078.94 
ar=  3521.41 33928.08 32881.54 63976.92 62882.72 120958.51 118026.41 
ar=  3345.34 32259.52 31550.37 64128.08 62950.22 120951.90 118141.22 
ar=  3178.06 33928.07 32887.23 67453.82 62902.05 122655.87 120957.26 
ar=  3019.16 32188.99 31513.89 64310.94 62896.76 123049.15 121164.20 
ar=  2868.20 32180.28 31549.19 64120.02 62892.86 122892.49 118704.02 
ar=  2724.78 32242.73 31538.30 64248.91 62929.15 121077.20 117980.29 
ar=  2588.54 33930.56 32881.40 64324.99 62796.57 122386.01 118325.99 
ar=  2459.11 32240.05 31562.10 64030.37 62828.87 121146.48 121051.60 
ar=  2336.15 32247.23 31558.84 64189.29 62875.27 122946.86 118303.18 
ar=  2219.34 33920.99 32879.80 64141.18 62812.83 122529.14 120854.25 
ar=  2108.37 33926.05 32871.05 67423.78 65358.08 120825.25 121067.42 
ar=  2002.95 32247.99 31553.97 64115.87 62791.02 122568.82 118479.77 
ar=  1902.80 33885.96 32881.25 64217.07 62775.44 120842.81 118300.76 
ar=  1807.66 33914.08 32849.88 67335.77 65379.10 123133.26 118680.17 
ar=  1717.27 33894.10 32842.56 64122.01 62809.44 120767.38 118310.18 
ar=  1631.41 33654.09 32629.44 67440.13 62908.38 121832.72 118376.11 
ar=  1549.84 32183.50 31533.09 67434.98 65453.70 119108.09 121398.74 
ar=  1472.34 32209.23 31550.35 67437.75 65432.11 120366.17 118517.85 
ar=  1398.73 32202.89 31540.02 67407.25 62873.98 121365.53 120963.31 
ar=  1328.79 33879.18 32878.27 64194.05 62826.40 121656.82 120914.23 
ar=  1262.34 33763.05 32381.14 67430.60 64975.66 121734.76 123631.15 
ar=  1199.23 33063.54 32359.88 67470.19 64617.26 125479.23 124944.47 
ar=  1139.26 31419.89 31340.88 63527.18 62681.63 125065.72 124524.51 
ar=  1082.29 33153.42 32795.23 63877.65 62826.31 126342.91 126503.35 
ar=  1028.17 33776.94 32860.53 64250.32 62520.12 129535.30 128659.83 
ar=   976.76 32221.43 31535.69 67375.15 65383.04 130220.42 130425.75 
ar=   927.91 33878.40 32868.81 64105.79 62777.84 136970.99 134221.22 
ar=   881.52 33859.31 32795.48 67109.30 62807.87 144165.50 134861.07 
ar=   837.44 33905.12 32869.49 66895.54 62679.69 145044.83 133098.14 
ar=   795.56 33871.27 32850.86 66701.45 65260.94 146959.44 143324.44 
ar=   755.78 33890.11 32874.14 65999.73 62599.03 143058.49 137197.79 
ar=   717.99 32215.87 31468.61 64022.54 63134.64 149915.44 145387.63 
ar=   682.09 33877.79 32782.09 66840.23 63463.18 149903.92 136501.17 
ar=   647.98 33887.58 32853.93 67194.07 66058.71 149570.41 145174.91 
ar=   615.57 33784.87 32850.58 64642.82 64107.86 149965.26 145268.33 
ar=   584.79 32229.80 31504.16 65203.01 64596.39 149700.93 140765.17 
ar=   555.55 33840.04 32837.98 69292.77 65252.76 150286.66 145281.38 
ar=   527.77 32210.39 31499.18 70500.59 66129.13 149786.49 145533.82 
ar=   501.38 33854.39 32853.70 71730.70 69606.07 149687.29 145492.16 
ar=   476.30 33831.01 32845.63 72894.45 68291.35 144915.00 141391.70 
ar=   452.48 33793.25 32763.93 76946.17 72625.80 149770.14 145444.24 
ar=   429.86 33714.44 32811.37 77722.68 69946.24 150052.22 145551.54 
ar=   408.36 33604.25 32812.36 79133.75 75270.39 149953.77 145290.02 
ar=   387.94 31985.38 31498.33 80109.09 71679.76 142232.77 142689.36 
ar=   368.54 33549.36 32806.73 80619.23 76873.59 149742.67 145320.25 
ar=   350.11 32069.21 31730.30 80413.17 76694.70 149462.05 145391.81 
ar=   332.60 33898.68 33163.51 75507.17 71826.46 149086.88 145274.64 
ar=   315.97 33892.22 33316.48 80536.88 76848.32 149749.01 145295.95 
ar=   300.16 34210.69 33466.94 80348.42 76861.42 148994.74 145205.34 
ar=   285.15 34581.07 33689.66 74743.31 71882.88 148059.02 141523.23 
ar=   270.89 35142.98 34201.43 80552.24 76894.56 149579.98 145260.75 
ar=   257.34 35721.61 34709.95 80456.93 76818.41 149587.59 145386.10 
ar=   244.48 36384.40 35235.63 80361.19 76846.05 149306.64 145204.69 
ar=   232.25 37136.78 36088.07 80547.96 71907.86 149230.73 145219.76 
ar=   220.63 38790.13 36755.90 80521.50 76893.92 149615.15 145210.04 
ar=   209.59 39288.77 37340.98 80579.53 76801.57 149504.19 145147.61 
ar=   199.11 39830.02 37975.90 80651.13 76868.62 149194.20 144802.87 
ar=   189.15 40445.66 38537.87 74459.89 71763.20 149904.88 136299.11 
ar=   179.69 40442.07 38549.43 80234.17 76811.64 154356.50 146902.36 
ar=   170.70 40435.96 38542.86 80549.74 76823.36 159263.51 148821.84 
ar=   162.16 40425.11 38495.26 80564.18 76862.97 163710.92 150751.91 
ar=   154.05 40413.84 38518.90 80657.88 76815.10 169804.29 153159.65 
ar=   146.35 40428.12 38464.22 80534.82 76558.40 175038.14 155560.58 
ar=   139.03 40445.27 38521.42 80508.43 76805.39 181483.12 163948.22 
ar=   132.08 40373.31 38505.15 80318.33 76663.10 185625.60 164640.10 
ar=   125.47 40381.89 38356.15 80398.28 76696.95 187787.30 164357.99 
ar=   119.20 40371.75 38434.62 80304.15 76703.66 189242.01 167940.53 
ar=   113.23 40384.32 38569.07 80325.70 76692.73 191872.66 174251.08 
ar=   107.57 40333.36 38551.20 80447.70 76676.18 194910.73 176558.05 
ar=   102.19 40451.41 38538.92 80425.45 76608.31 196969.40 179641.67 
ar=    97.08 40435.33 38518.00 80430.07 71697.11 199374.21 182281.09 
ar=    92.22 40436.66 38489.04 81678.63 77078.30 199950.49 182633.92 
ar=    87.60 40442.65 38522.50 84038.95 78107.34 199822.69 183373.87 
ar=    83.22 40394.01 38475.66 86852.21 79030.27 199673.91 182270.43 
ar=    79.05 40419.26 38511.75 89685.98 80277.57 200164.88 183301.61 
ar=    75.10 40405.71 38499.97 92710.45 81457.58 200420.14 182956.09 
ar=    71.34 40351.20 38477.72 95570.79 83015.90 200445.49 182924.67 
ar=    67.77 40364.46 38510.57 97422.09 84311.12 198278.77 183121.76 
ar=    64.38 40380.21 38477.72 99421.62 86082.07 198022.05 182909.30 
ar=    61.16 40338.95 38448.90 100618.51 87831.36 199038.58 182275.04 
ar=    58.09 40334.30 38456.90 101862.01 89412.69 198353.40 182232.22 
ar=    55.19 40373.50 38465.45 103093.36 91115.85 198587.03 182487.71 
ar=    52.42 40379.20 38446.47 104866.90 93393.04 198201.32 182519.83 
ar=    49.80 40352.80 38427.81 106383.09 95599.00 198729.45 182253.23 
ar=    47.30 40494.04 38413.24 107462.19 96883.22 197902.44 181798.41 
ar=    44.94 41624.15 38876.09 107631.72 96909.41 198460.51 181798.01 
ar=    42.69 42805.14 39394.81 107081.16 96883.67 198033.29 181586.83 
ar=    40.55 44146.53 39891.86 107319.02 96551.38 198356.17 181198.90 
ar=    38.52 45765.60 40526.59 107231.60 96719.18 197578.01 181433.84 
ar=    36.59 47238.36 41047.79 107183.51 96813.55 195169.64 178476.60 
ar=    34.75 48586.38 41986.51 107162.65 96569.34 195343.34 180432.21 
ar=    33.01 49302.39 42695.99 107133.83 96620.08 194417.16 179744.54 
ar=    31.35 50057.50 43540.69 106871.17 96309.89 195011.40 179976.47 
ar=    29.78 50515.22 44362.47 106754.10 96430.48 195516.09 176914.26 
ar=    28.29 51361.88 45231.20 106753.27 96273.53 194910.90 179296.33 
ar=    26.87 52172.19 46230.80 106559.33 96137.57 194832.23 178094.56 
ar=    25.52 52840.83 47301.81 106607.39 96230.23 192394.54 178562.83 
ar=    24.24 53615.90 48340.45 106312.75 96077.76 193589.96 178765.61 
ar=    23.02 53934.75 48627.82 105955.46 94020.91 191857.93 174170.48 
ar=    21.87 53940.58 48613.22 105294.13 94360.69 192247.86 178373.01 
ar=    20.77 53853.83 48355.76 105661.14 94163.28 191512.06 173629.03 
ar=    19.73 53355.48 48171.44 103850.88 94537.52 192573.54 177555.10 
ar=    18.74 53648.41 48258.27 103781.77 95634.42 191620.83 176254.37 
ar=    17.80 53566.64 48187.20 105655.05 95427.82 191024.16 175330.68 
ar=    16.91 53409.68 48233.80 105092.36 94907.34 191155.75 176217.21 
ar=    16.06 53757.36 48495.62 105500.60 95481.11 191864.35 176514.72 
