#minMemory=16384 maxMemory=67108864 minThreads=1 maxThreads=4 writing to results/i5-4570-UA band=1 lat=0
#increaseArray=0.950000 timestep=0.400000 cacheSize=6291456 cacheLineSize=128
#affinity=1 affinity_wide=1
#numPages=1
ar= 65536.00 11436.90 11801.95 13674.76 15519.19 9264.70 16190.32 
ar= 62259.20 12078.24 12089.20 15300.44 15405.17 16027.61 16110.14 
ar= 59146.23 12016.70 12061.70 15391.99 15531.77 15939.99 16145.94 
ar= 56188.92 12951.00 12966.34 15657.92 15726.41 15917.01 16129.60 
ar= 53379.47 11648.03 11660.42 15643.91 15728.87 15948.98 16163.93 
ar= 50710.49 12557.21 12531.69 15560.10 15779.91 15944.39 16147.01 
ar= 48174.96 12539.64 12578.91 15595.29 15726.45 15668.62 15268.48 
ar= 45766.21 11977.38 12052.15 15635.50 15703.92 15932.48 16137.71 
ar= 43477.90 12452.11 12459.07 15522.36 15623.65 15927.88 15410.75 
ar= 41304.00 11680.50 11802.99 15198.22 15323.90 15938.27 16142.35 
ar= 39238.80 12468.68 12538.67 15603.62 15696.21 15982.33 16136.79 
ar= 37276.85 12914.22 12900.71 15558.28 15663.99 15886.81 15642.38 
ar= 35413.01 12996.71 13009.33 15580.59 15681.62 15942.50 16113.91 
ar= 33642.35 12162.28 12270.30 15581.48 15680.72 16016.31 16135.29 
ar= 31960.23 12322.75 12438.62 15544.90 15631.28 16034.92 16136.70 
ar= 30362.21 11817.59 11853.37 15527.00 15599.36 16070.12 16146.03 
ar= 28844.09 12336.57 12422.07 15525.31 15632.99 16062.19 16150.44 
ar= 27401.88 12641.38 12801.19 15525.63 15599.10 16073.79 16164.25 
ar= 26031.78 12083.17 12052.64 15505.03 15630.07 16119.27 16173.12 
ar= 24730.19 12155.89 12171.41 15465.34 15624.19 16114.39 16149.74 
ar= 23493.67 11496.74 11511.69 15471.22 15582.33 18102.13 15517.67 
ar= 22318.98 13121.71 13055.05 15489.80 15463.57 15647.40 18835.47 
ar= 21203.03 12104.46 12139.23 15423.70 15480.17 16102.38 16172.85 
ar= 20142.88 11356.62 11368.62 15304.59 15364.53 16131.37 16145.38 
ar= 19135.73 12932.42 12995.25 15434.65 15486.93 16107.82 16161.72 
ar= 18178.94 12914.42 10627.18 15620.49 15667.90 16181.54 16188.01 
ar= 17269.98 13535.50 13627.90 15425.73 15491.81 16209.55 16141.53 
ar= 16406.48 13062.49 13180.29 13332.47 13869.64 16176.02 16181.13 
ar= 15586.16 13129.66 13172.61 15724.86 16060.76 16189.81 16207.87 
ar= 14806.84 13088.39 13160.35 17285.43 17588.07 16211.97 31448.16 
ar= 14066.50 12828.43 13161.61 17118.84 17741.19 40514.52 38973.06 
ar= 13363.17 13010.03 13054.57 21467.35 20922.73 41742.94 43099.34 
ar= 12695.01 13868.30 14054.42 22139.95 20083.24 40108.23 39516.72 
ar= 12060.25 12073.77 13217.43 22925.96 18491.88 41762.53 46134.01 
ar= 11457.23 14529.08 14654.48 21438.37 27218.59 46445.73 17869.10 
ar= 10884.37 14896.62 14995.71 24666.57 22215.55 48324.92 46865.90 
ar= 10340.15 12277.36 14257.59 27623.93 30886.23 42488.68 43753.69 
ar=  9823.14 15895.72 16094.74 34325.93 31655.28 51365.58 46145.99 
ar=  9331.98 15392.08 16237.26 33810.27 29159.72 63244.67 57591.39 
ar=  8865.38 16519.48 17290.71 34825.35 35282.32 60516.48 51295.00 
ar=  8422.10 17103.32 18341.22 37469.31 36500.56 64226.74 60227.34 
ar=  8000.99 19696.67 20898.59 39172.70 36611.38 64548.86 61003.68 
ar=  7600.94 20971.51 21979.63 41436.38 40199.19 66760.60 64454.43 
ar=  7220.89 23282.84 22418.75 42491.09 41646.94 68226.75 64553.46 
ar=  6859.84 25910.97 26160.73 45839.19 47505.24 69495.76 69950.87 
ar=  6516.85 28173.33 27666.80 54195.22 55424.94 78890.85 77729.21 
ar=  6191.01 31650.21 31182.19 62940.64 60728.85 116149.94 114327.09 
ar=  5881.45 32993.86 32172.08 63565.55 62533.46 120451.87 117738.51 
ar=  5587.38 33284.81 32444.64 63913.03 62643.30 120449.90 117814.71 
ar=  5308.00 33549.64 32568.19 66627.77 62943.47 120729.71 117906.74 
ar=  5042.59 33611.65 32619.32 64063.86 62907.24 121021.21 118008.37 
ar=  4790.46 33625.25 32630.50 64262.01 62905.82 120356.83 118102.60 
ar=  4550.94 33648.88 32643.11 66886.80 65068.37 121182.10 118363.05 
ar=  4323.39 33671.51 32638.25 64317.46 62911.81 121136.73 118295.12 
ar=  4107.22 33645.52 32634.70 64327.07 62938.51 123067.91 121967.63 
ar=  3901.85 33651.19 32585.62 64314.69 63133.94 120997.64 118293.55 
ar=  3706.76 33679.32 32647.59 67027.15 62965.83 123321.30 118333.04 
ar=  3521.41 33670.36 32613.31 65794.48 65053.04 123176.64 121535.12 
ar=  3345.34 33665.96 32645.98 64313.23 62948.09 122724.89 121282.47 
ar=  3178.06 33658.51 32644.79 67055.16 65067.01 121053.26 118300.88 
ar=  3019.16 33676.03 32640.22 64330.91 62925.22 123151.65 122078.95 
ar=  2868.20 33676.61 32644.38 66724.55 65082.03 122745.81 121604.66 
ar=  2724.78 33674.81 32589.77 64584.91 65009.35 121074.82 118319.84 
ar=  2588.54 33685.70 32638.03 64329.39 62939.91 122692.20 121393.69 
ar=  2459.11 33685.74 32650.01 66797.39 65048.48 122859.78 119408.43 
ar=  2336.15 33621.29 32639.04 67006.57 62849.53 122794.66 118305.37 
ar=  2219.34 33684.30 32638.53 65184.47 64766.94 121204.84 118050.14 
ar=  2108.37 33611.54 32643.34 64284.90 62904.57 121102.20 118381.35 
ar=  2002.95 33686.45 32635.71 67002.69 64993.37 119561.95 118274.40 
ar=  1902.80 33631.01 32641.53 66864.88 62863.74 123397.60 118259.68 
ar=  1807.66 33607.81 32642.90 66909.48 65015.39 120909.27 119223.35 
ar=  1717.27 33672.09 32582.03 64240.95 62628.72 120729.64 119149.46 
ar=  1631.41 33686.52 32591.47 66923.96 65061.42 122817.14 121128.33 
ar=  1549.84 33557.13 32640.58 64089.85 62630.16 119912.00 118286.61 
ar=  1472.34 33635.76 32644.86 67055.75 65018.75 120750.61 118807.15 
ar=  1398.73 33679.00 32626.67 64754.78 65055.33 123660.42 119615.76 
ar=  1328.79 33676.39 32582.62 64270.05 62892.52 121821.81 120339.62 
ar=  1262.34 33643.58 32631.65 66994.69 62888.38 121815.97 123153.67 
ar=  1199.23 33619.91 32628.60 64312.68 62876.79 126576.08 124486.00 
ar=  1139.26 33683.63 32624.70 66857.13 62902.91 127645.07 124941.02 
ar=  1082.29 33656.94 32629.34 66970.69 64996.07 127710.85 124343.64 
ar=  1028.17 33590.19 32635.44 64278.68 62879.77 128126.74 126101.59 
ar=   976.76 33646.11 32623.73 64293.33 62894.69 132303.12 128422.84 
ar=   927.91 33652.38 32629.37 66931.92 62869.80 137500.98 130305.84 
ar=   881.52 33660.34 32600.58 64390.90 64700.16 143971.82 136614.87 
ar=   837.44 33679.41 32616.44 66588.36 62882.04 145704.12 133463.10 
ar=   795.56 33564.40 32620.41 66346.24 64923.89 147511.26 143294.95 
ar=   755.78 33669.90 32636.36 63736.77 62916.95 142128.97 136445.94 
ar=   717.99 33669.48 32619.88 66598.05 63257.23 150198.62 145241.80 
ar=   682.09 33657.05 32614.10 64119.09 63616.79 149738.38 143455.42 
ar=   647.98 33566.69 32629.12 67304.86 66144.07 149494.25 145397.61 
ar=   615.57 33630.99 32609.86 64815.83 64352.66 149234.03 144766.90 
ar=   584.79 33641.71 32617.91 66895.36 66639.26 149664.29 143605.14 
ar=   555.55 33636.97 32551.51 69223.46 67487.10 150228.48 144649.87 
ar=   527.77 33671.02 32623.73 70303.29 68616.32 149795.05 145562.60 
ar=   501.38 33649.41 32608.39 71765.44 69489.19 149712.45 145475.74 
ar=   476.30 33561.30 32608.86 73013.68 70801.87 148517.89 143108.12 
ar=   452.48 33540.65 32592.02 76863.84 72558.84 149643.66 145021.92 
ar=   429.86 33477.84 32585.70 77869.47 73805.41 149727.09 145505.07 
ar=   408.36 33367.29 32588.74 79169.82 75224.47 149873.41 145315.56 
ar=   387.94 33269.07 32563.57 80274.17 76539.71 139741.89 136428.60 
ar=   368.54 33351.99 32616.48 80611.33 76937.72 150114.62 145359.46 
ar=   350.11 33474.15 32702.66 80667.45 76866.16 150137.46 144876.89 
ar=   332.60 33724.08 33001.20 80633.60 76809.82 146776.15 145308.13 
ar=   315.97 33777.56 33173.79 80683.90 76935.05 149454.04 145400.44 
ar=   300.16 34070.72 33341.36 80304.31 76897.04 149764.89 145244.56 
ar=   285.15 34404.43 33561.44 80616.63 71791.35 141828.43 136210.44 
ar=   270.89 35001.72 34045.21 80494.26 76560.78 149691.15 144963.80 
ar=   257.34 35566.01 34532.99 80620.68 76901.48 150198.41 145131.77 
ar=   244.48 36208.28 35101.98 80567.53 76869.76 149302.96 144864.79 
ar=   232.25 37026.83 36004.24 80611.90 76900.05 149687.86 145137.10 
ar=   220.63 38749.30 36656.26 80581.52 76803.85 146864.78 145112.65 
ar=   209.59 39211.36 37275.02 80530.77 76829.33 148764.54 145070.27 
ar=   199.11 39779.08 37899.91 80564.27 76872.57 149371.26 144889.33 
ar=   189.15 40385.60 38381.57 80443.88 71872.64 150052.63 144848.66 
ar=   179.69 40383.39 38441.09 80566.54 76825.90 154486.87 146620.90 
ar=   170.70 40382.89 38501.32 80340.76 76614.81 159343.52 148825.51 
ar=   162.16 40393.41 38497.72 80479.66 76737.26 164106.59 150753.72 
ar=   154.05 40377.14 38476.26 80402.07 76713.69 170171.93 153112.52 
ar=   146.35 40400.56 38496.32 80428.10 76756.76 175484.14 155516.90 
ar=   139.03 40410.28 38487.09 80415.11 76714.22 179717.91 158826.95 
ar=   132.08 40368.61 38486.61 80407.57 76687.35 181899.63 161392.42 
ar=   125.47 40331.92 38476.32 80438.97 76747.93 185347.95 164108.96 
ar=   119.20 40369.32 38476.51 80235.20 76673.61 188668.56 167935.52 
ar=   113.23 40404.45 38457.23 80257.95 76682.66 190506.62 171045.29 
ar=   107.57 40402.21 38515.74 80479.31 76620.36 193489.69 174838.15 
ar=   102.19 40336.60 38482.29 80460.55 76675.63 195891.57 178388.49 
ar=    97.08 40404.53 38476.55 80440.93 76520.61 198412.33 181946.08 
ar=    92.22 40394.58 38443.23 81828.14 77147.47 199034.42 183482.52 
ar=    87.60 40399.45 38506.03 84203.07 77976.08 199226.19 183185.84 
ar=    83.22 40367.18 38458.99 86807.27 78920.51 199119.77 182334.25 
ar=    79.05 40368.82 38489.23 89787.46 80254.98 199025.00 183363.07 
ar=    75.10 40364.43 38440.56 92636.58 81536.62 198732.75 183019.68 
ar=    71.34 40205.90 38425.42 95964.79 83126.22 198835.10 182880.57 
ar=    67.77 40370.26 38465.81 97445.33 84322.49 198555.81 183020.72 
ar=    64.38 40222.41 38424.46 99487.43 86176.47 198552.75 174198.87 
ar=    61.16 40340.87 38430.62 100444.95 87629.20 198704.08 168417.95 
ar=    58.09 40324.68 38402.31 101923.12 89463.72 185601.07 182054.00 
ar=    55.19 40361.40 38421.94 102986.41 91280.24 198098.06 182493.27 
ar=    52.42 40353.16 38409.30 104932.03 93345.76 197979.45 182464.44 
ar=    49.80 40361.73 38406.24 106510.47 95663.15 198387.65 182340.38 
ar=    47.30 40516.45 38359.73 107575.93 96987.08 197972.90 181977.19 
ar=    44.94 41577.49 38844.14 107427.77 96866.33 198159.84 181912.08 
ar=    42.69 42863.03 39392.63 107425.92 96927.28 197728.72 181670.41 
ar=    40.55 44170.68 39864.11 107286.57 96653.11 197384.59 181241.39 
ar=    38.52 45776.06 40493.89 107205.39 96251.61 197568.74 181429.44 
ar=    36.59 47256.87 40969.47 107214.63 96890.79 196032.30 178472.83 
ar=    34.75 47989.02 41822.09 107041.63 96573.10 195830.78 180723.69 
ar=    33.01 49180.64 42719.68 107230.63 96783.36 195075.59 179700.01 
ar=    31.35 49878.68 43582.55 106999.55 96302.19 196161.11 180117.79 
ar=    29.78 50666.13 44372.84 106753.76 95584.23 195913.60 176557.41 
ar=    28.29 51354.52 45240.08 106832.20 96386.70 194113.46 178984.09 
ar=    26.87 52147.88 46239.63 106384.64 96145.13 194948.42 178954.15 
ar=    25.52 52960.44 47293.77 106537.86 96200.99 194426.23 178317.91 
ar=    24.24 53651.03 48295.36 106518.47 96074.97 194884.45 178902.13 
ar=    23.02 53919.01 48537.43 106263.91 95880.79 193718.80 174275.94 
ar=    21.87 53925.69 48575.75 106519.05 96132.91 194147.80 178314.23 
ar=    20.77 53836.84 48490.65 105903.35 95729.86 192483.84 173481.51 
ar=    19.73 53792.91 48418.06 105758.41 95701.59 192729.09 177595.49 
ar=    18.74 53741.01 48408.84 105824.39 95680.50 191406.75 176244.74 
ar=    17.80 53675.14 48417.55 105733.26 95545.30 191483.87 175335.73 
ar=    16.91 53667.99 48288.52 104808.48 95114.78 191198.23 176093.63 
ar=    16.06 53761.32 48469.90 105560.90 95515.31 191995.59 176306.75 
