#minMemory=16384 maxMemory=67108864 minThreads=1 maxThreads=4 writing to results/i5-4570-Ua band=1 lat=0
#increaseArray=0.950000 timestep=0.400000 cacheSize=6291456 cacheLineSize=128
#affinity=1 affinity_wide=0
#numPages=1
ar= 65536.00 12470.87 13117.45 14115.55 15055.27 11459.36 11814.94 
ar= 62259.20 12182.59 12155.24 15312.63 15418.85 15991.93 16094.67 
ar= 59146.23 12682.27 12773.85 15633.00 15727.83 15944.48 16134.17 
ar= 56188.92 12295.38 12342.45 15645.76 15619.49 15930.40 16160.39 
ar= 53379.47 13034.34 13005.00 15565.69 15703.35 15960.46 16178.29 
ar= 50710.49 12565.81 12496.81 15631.39 15719.13 15940.44 16130.38 
ar= 48174.96 11872.88 11964.39 15337.00 15440.47 15939.48 16163.55 
ar= 45766.21 12201.99 12201.39 15632.05 15685.19 15958.49 16149.56 
ar= 43477.90 12465.84 12555.36 15612.04 15691.91 15870.19 15356.58 
ar= 41304.00 11543.59 11585.05 15613.51 15671.62 15929.71 16126.50 
ar= 39238.80 12991.56 13019.40 15612.13 15684.12 15980.65 16124.91 
ar= 37276.85 12396.22 12575.44 15587.76 15667.61 16009.41 15622.77 
ar= 35413.01 11978.12 11969.07 15574.78 15707.21 15979.26 16106.84 
ar= 33642.35 12754.20 12807.59 15581.36 15629.25 16026.37 16120.35 
ar= 31960.23 11820.20 11852.78 15532.81 15615.10 16057.67 16098.37 
ar= 30362.21 12352.58 12486.08 15555.90 15647.89 16043.40 16116.10 
ar= 28844.09 11809.45 11805.25 15551.84 15641.26 16055.75 16143.68 
ar= 27401.88 12304.29 12360.96 15257.93 15412.19 16089.08 16122.14 
ar= 26031.78 12835.32 12872.26 15507.60 15623.97 16119.62 16156.72 
ar= 24730.19 12940.35 12988.48 15478.60 15593.42 16128.80 16161.95 
ar= 23493.67 12176.11 12349.95 15485.74 15598.17 15432.11 16897.00 
ar= 22318.98 11215.03 11218.30 15463.45 15594.96 18052.88 17320.44 
ar= 21203.03 12286.27 12234.36 15472.13 15539.05 16118.96 16144.74 
ar= 20142.88 11950.75 12277.92 15377.40 15419.58 16158.13 16167.87 
ar= 19135.73 12951.24 12990.80 15828.30 15917.53 16130.81 16188.49 
ar= 18178.94 11513.52 12937.48 15335.81 15475.39 16181.93 16171.62 
ar= 17269.98 12996.41 13206.08 15415.31 16097.90 16195.87 16164.69 
ar= 16406.48 13071.92 13272.57 15880.52 15340.36 16181.01 16163.58 
ar= 15586.16 13098.45 13261.44 17994.31 15108.03 16124.70 16155.27 
ar= 14806.84 12637.24 13255.11 17255.95 17527.25 16236.48 16186.76 
ar= 14066.50 13077.03 13232.92 20332.92 19107.15 16197.45 16202.25 
ar= 13363.17 13000.87 10326.46 18233.26 17874.44 16206.94 16213.83 
ar= 12695.01 14036.20 14339.44 20026.17 24598.28 38125.41 41027.33 
ar= 12060.25 14279.62 14522.38 18864.28 25787.74 44450.77 41647.52 
ar= 11457.23 12874.71 14389.52 28381.78 26616.85 42962.53 42922.24 
ar= 10884.37 12916.91 14097.26 30222.34 27758.60 47329.72 55991.27 
ar= 10340.15 15389.94 15500.00 31802.03 25018.08 48811.47 45412.13 
ar=  9823.14 14861.66 15589.87 34421.70 28060.10 50834.39 51227.57 
ar=  9331.98 16633.38 17033.32 35597.74 33555.66 55604.53 57979.33 
ar=  8865.38 16487.98 17369.04 37249.95 33054.89 59571.58 61292.78 
ar=  8422.10 17134.28 18429.95 37965.50 37521.47 61864.89 59747.19 
ar=  8000.99 20192.01 20919.33 39585.42 36999.87 56955.92 55577.21 
ar=  7600.94 20966.06 22019.07 41215.81 38158.16 63454.68 62886.11 
ar=  7220.89 23839.26 24599.65 40883.48 39642.93 67532.92 66047.32 
ar=  6859.84 25858.69 26277.10 45056.27 45801.64 69951.26 71035.23 
ar=  6516.85 27986.87 27796.94 53507.45 54182.16 79117.99 77293.24 
ar=  6191.01 30321.68 30113.55 62805.63 60426.37 116780.21 114118.40 
ar=  5881.45 31541.29 31015.06 64219.78 64290.73 121321.50 119537.10 
ar=  5587.38 33388.20 32497.26 63667.75 62424.36 120924.85 117775.64 
ar=  5308.00 32027.42 31354.96 66765.93 62821.82 122292.88 121293.36 
ar=  5042.59 33515.20 32620.07 64196.72 62834.95 120253.18 117793.21 
ar=  4790.46 32094.80 31335.96 65675.24 65015.82 122449.89 117972.90 
ar=  4550.94 32105.95 31399.09 64296.07 62992.66 120877.93 119087.47 
ar=  4323.39 32110.84 31403.44 64323.63 63509.26 121038.39 121167.42 
ar=  4107.22 32115.78 31400.69 66942.08 65096.92 122171.75 118279.70 
ar=  3901.85 32116.66 31394.48 66116.46 65075.12 121045.80 118273.03 
ar=  3706.76 32139.97 31400.25 64090.07 65125.11 123204.94 118275.83 
ar=  3521.41 32074.52 31402.23 64142.12 62946.24 121005.70 118282.38 
ar=  3345.34 32120.76 31405.02 64131.98 62954.13 122334.05 118097.22 
ar=  3178.06 33697.41 32668.16 67099.05 65116.11 120764.32 120721.02 
ar=  3019.16 33698.35 32657.85 64320.08 62947.99 121105.50 118363.80 
ar=  2868.20 33715.31 32658.64 66984.46 65108.53 122505.37 118132.86 
ar=  2724.78 33701.13 32661.91 67047.30 62892.23 122551.22 118109.18 
ar=  2588.54 33703.02 32664.12 64337.49 62929.30 121321.67 118125.06 
ar=  2459.11 32096.00 31392.69 66953.21 65083.31 122655.59 118315.20 
ar=  2336.15 33680.11 32537.72 64313.30 62971.32 122670.02 118660.91 
ar=  2219.34 32110.42 31380.87 66946.37 65036.94 120968.84 118034.88 
ar=  2108.37 33602.81 32623.27 64311.67 62903.16 121073.80 118073.67 
ar=  2002.95 32093.12 31355.54 67009.66 65073.39 121187.93 118082.52 
ar=  1902.80 32130.96 31393.10 66997.83 65101.40 123462.68 118011.34 
ar=  1807.66 33707.61 32653.64 64305.17 62902.34 121242.44 121391.51 
ar=  1717.27 32082.43 31394.55 64305.92 62887.77 121813.61 118070.58 
ar=  1631.41 32071.29 31406.22 64351.13 62943.11 120360.31 119670.42 
ar=  1549.84 33697.04 32384.89 64273.81 62918.01 121012.14 119828.93 
ar=  1472.34 32015.11 31137.49 64143.26 62784.89 122646.70 118578.53 
ar=  1398.73 31843.35 31097.98 63911.41 62638.93 120795.80 119381.71 
ar=  1328.79 32062.06 31351.18 63725.81 62577.05 123911.89 123056.53 
ar=  1262.34 32127.34 31384.20 64091.32 62599.29 121890.78 120999.99 
ar=  1199.23 33695.81 32643.82 64181.99 62953.47 126532.98 125593.25 
ar=  1139.26 33710.68 32658.79 64293.59 62877.96 124307.07 122846.49 
ar=  1082.29 32117.28 31391.19 64305.97 62889.62 129429.95 124805.47 
ar=  1028.17 32112.92 31400.86 64263.29 62886.28 127506.23 127752.04 
ar=   976.76 33676.51 32637.17 64253.06 62908.65 133701.76 128276.42 
ar=   927.91 32118.74 31382.29 64254.99 62889.04 137316.90 135266.72 
ar=   881.52 32110.30 31389.70 64153.63 62878.03 143500.52 131447.21 
ar=   837.44 33682.28 32649.77 66518.93 65019.56 145118.46 136733.68 
ar=   795.56 32105.45 31373.61 63809.33 62852.72 147655.31 143239.55 
ar=   755.78 33609.64 32602.44 63740.18 62884.69 141940.20 136500.87 
ar=   717.99 32118.12 31376.54 66609.93 65272.03 150130.16 145266.73 
ar=   682.09 33604.38 32637.08 64128.71 63616.77 150316.15 136505.50 
ar=   647.98 32122.18 31367.46 67246.91 66139.00 149766.96 145342.19 
ar=   615.57 32089.98 31292.07 64853.43 64399.57 149392.18 145419.97 
ar=   584.79 32091.70 31353.19 68033.94 66629.58 149909.06 136529.34 
ar=   555.55 32073.37 31345.40 69259.44 65395.98 149940.71 144600.67 
ar=   527.77 33567.52 32612.01 67181.25 66151.57 149532.26 144771.64 
ar=   501.38 33646.51 32585.04 71690.46 69607.32 149273.46 145500.42 
ar=   476.30 33621.71 32593.20 69262.48 68331.30 141978.09 136402.17 
ar=   452.48 33478.79 32583.63 76898.34 72557.93 149423.57 144270.23 
ar=   429.86 31947.30 31348.13 77734.79 73858.10 149079.59 145506.56 
ar=   408.36 33348.79 32591.63 79005.15 75227.90 146219.74 145451.13 
ar=   387.94 33290.57 32559.61 80181.11 73585.57 144920.26 137600.65 
ar=   368.54 33381.42 32685.04 80551.96 76874.59 149277.24 145325.29 
ar=   350.11 33419.63 32813.09 80425.62 76838.44 149734.34 145419.35 
ar=   332.60 33734.53 32964.20 80642.27 71876.58 149239.72 145051.30 
ar=   315.97 32233.84 31971.82 80540.24 76849.23 149185.55 144807.05 
ar=   300.16 34097.73 33346.75 80629.24 76881.91 149769.19 145271.16 
ar=   285.15 34416.36 33592.95 80512.11 76863.71 147413.40 136244.09 
ar=   270.89 33271.49 32723.86 80639.43 76891.12 149992.23 145245.54 
ar=   257.34 35580.14 34576.81 80543.13 76879.09 150178.77 145346.13 
ar=   244.48 36266.04 35138.22 80640.08 76857.35 149677.07 145225.21 
ar=   232.25 37036.62 36042.87 80613.92 76865.86 150100.73 145152.69 
ar=   220.63 38776.43 36678.99 80612.55 76853.43 149775.71 145097.24 
ar=   209.59 39247.22 37309.67 80563.92 76884.97 150164.17 145084.10 
ar=   199.11 39830.21 37947.18 80484.64 76872.66 149806.69 144900.85 
ar=   189.15 37394.73 35928.79 80540.96 76725.84 150439.56 143475.93 
ar=   179.69 40425.97 38527.34 80585.36 76807.36 154071.41 146266.53 
ar=   170.70 40445.37 38540.15 80616.15 76726.64 158583.29 148863.26 
ar=   162.16 40451.30 38544.66 80498.94 76805.45 163152.34 150731.24 
ar=   154.05 40386.62 38539.06 80601.42 76835.11 169395.29 153097.51 
ar=   146.35 40444.91 38545.01 80489.49 76644.60 175943.36 155587.71 
ar=   139.03 40449.18 38516.56 80538.62 76832.09 179496.60 158759.47 
ar=   132.08 40415.27 38503.44 80426.41 76773.20 182437.87 161470.21 
ar=   125.47 40420.11 38497.62 80464.46 76841.49 185582.63 164099.59 
ar=   119.20 40406.86 38496.53 80413.61 76749.45 188467.32 167939.13 
ar=   113.23 40417.67 38550.50 80501.08 76707.18 190066.46 170950.36 
ar=   107.57 40452.10 38535.93 80588.92 76818.08 193347.73 174534.22 
ar=   102.19 40443.04 38519.50 80570.14 76747.72 195924.41 178378.41 
ar=    97.08 37415.05 35948.07 80504.13 76634.01 198242.87 182264.51 
ar=    92.22 40421.02 38536.79 81902.86 77150.17 199618.45 182460.78 
ar=    87.60 40435.83 38521.87 84338.01 78174.20 199566.32 183015.87 
ar=    83.22 40396.18 38434.05 86919.10 79228.08 198546.26 182191.31 
ar=    79.05 40425.23 38518.11 89777.50 80414.10 199647.98 183316.87 
ar=    75.10 40411.36 38494.86 92627.20 81478.18 199435.39 183438.33 
ar=    71.34 40290.18 38448.96 95787.44 83080.54 198059.72 183115.19 
ar=    67.77 40430.09 38477.55 97491.98 84439.48 198687.85 183057.68 
ar=    64.38 40364.17 38466.42 99226.98 86296.96 198738.58 181839.56 
ar=    61.16 40385.04 38483.58 100496.76 87735.96 199107.19 182276.09 
ar=    58.09 40339.40 38469.56 101830.52 89386.33 198562.29 182362.58 
ar=    55.19 40395.76 38403.64 103194.16 91131.39 198978.10 182539.37 
ar=    52.42 40384.99 38346.39 104894.46 93195.72 198408.02 182521.09 
ar=    49.80 40383.96 38406.65 106286.69 95600.27 198770.97 182317.98 
ar=    47.30 40483.20 38399.05 107505.05 96914.54 198517.06 182035.41 
ar=    44.94 41590.05 38857.51 107431.71 96876.18 198591.98 181939.85 
ar=    42.69 42896.91 39387.30 107493.20 96966.04 198001.98 181719.03 
ar=    40.55 44235.37 39885.86 107377.20 96801.91 198431.56 181376.01 
ar=    38.52 45678.85 40525.18 107299.63 96803.97 197641.20 181473.08 
ar=    36.59 47233.38 41074.92 107346.76 96952.41 196469.48 178599.99 
ar=    34.75 48333.44 42004.64 107171.07 96637.13 197017.59 180731.19 
ar=    33.01 49410.05 42730.83 107284.23 96759.21 196613.47 179917.46 
ar=    31.35 50108.13 43579.83 106951.67 96233.64 196512.53 180051.40 
ar=    29.78 50638.41 44337.34 106791.70 95792.94 195243.50 177177.97 
ar=    28.29 51080.70 44845.50 106826.53 96414.04 194915.19 179149.34 
ar=    26.87 51736.26 45867.65 106585.10 96066.73 195133.10 179121.31 
ar=    25.52 52954.66 47060.71 106541.76 96160.72 192049.83 178409.56 
ar=    24.24 53713.63 48233.11 106516.53 95900.32 194196.67 178103.51 
ar=    23.02 53955.25 48599.75 106280.92 94926.42 193272.22 174557.21 
ar=    21.87 53947.59 48606.24 106459.99 96126.82 193092.61 178394.13 
ar=    20.77 53854.02 48510.24 105856.31 95783.88 192176.74 173754.70 
ar=    19.73 53817.78 48421.83 105732.29 95467.44 192822.46 177666.38 
ar=    18.74 53747.64 48399.71 105763.75 95589.50 191819.77 176311.40 
ar=    17.80 53689.38 48443.86 105729.13 95574.13 191109.62 175259.84 
ar=    16.91 53665.54 48311.38 105182.02 95144.44 192173.38 176228.80 
ar=    16.06 53756.88 48474.62 105556.91 95538.99 191917.12 176591.56 
