#minMemory=16384 maxMemory=67108864 minThreads=1 maxThreads=4 writing to results/i5-4570-lat-p0 band=0 lat=1
#increaseArray=0.950000 timestep=0.400000 cacheSize=32768 cacheLineSize=128
#affinity=0 affinity_wide=0
#numPages=0
ar= 65536.00   64.56   64.56   33.85   67.69   17.76   71.03 
ar= 62259.20   64.03   64.03   33.14   66.27   17.18   68.74 
ar= 59146.23   63.37   63.37   33.15   66.30   16.96   67.83 
ar= 56188.92   64.26   64.26   33.19   66.38   17.49   69.97 
ar= 53379.47   64.46   64.46   33.11   66.22   17.62   70.50 
ar= 50710.49   63.55   63.55   32.20   64.40   16.88   67.52 
ar= 48174.96   63.07   63.07   33.11   66.22   17.30   69.19 
ar= 45766.21   62.81   62.81   33.12   66.24   17.59   70.34 
ar= 43477.90   61.26   61.26   33.19   66.38   17.29   69.16 
ar= 41304.00   62.67   62.67   33.14   66.28   17.75   70.98 
ar= 39238.80   61.42   61.42   33.21   66.43   17.64   70.55 
ar= 37276.85   60.59   60.59   32.41   64.82   16.95   67.79 
ar= 35413.01   61.17   61.17   31.99   63.98   16.48   65.92 
ar= 33642.35   60.68   60.68   33.18   66.36   16.33   65.32 
ar= 31960.23   60.41   60.41   33.12   66.24   16.40   65.59 
ar= 30362.21   60.00   60.00   33.19   66.37   16.25   64.98 
ar= 28844.09   58.51   58.51   33.15   66.30   17.87   71.47 
ar= 27401.88   59.22   59.22   33.12   66.23   17.83   71.34 
ar= 26031.78   58.66   58.66   30.78   61.56   17.68   70.71 
ar= 24730.19   58.08   58.08   28.99   57.98   15.93   63.72 
ar= 23493.67   57.02   57.02   29.75   59.50   15.41   61.63 
ar= 22318.98   56.13   56.13   29.24   58.49   14.82   59.27 
ar= 21203.03   55.95   55.95   28.05   56.10   14.57   58.27 
ar= 20142.88   54.50   54.50   27.57   55.14   14.26   57.06 
ar= 19135.73   53.70   53.70   33.16   66.32   17.59   70.38 
ar= 18178.94   52.75   52.75   33.69   67.37   14.59   58.37 
ar= 17269.98   51.88   51.88   33.55   67.10   13.33   53.31 
ar= 16406.48   51.24   51.24   33.46   66.92   12.49   49.94 
ar= 15586.16   49.36   49.36   28.27   56.54   17.65   70.61 
ar= 14806.84   48.62   48.62   24.80   49.60   17.68   70.73 
ar= 14066.50   47.33   47.33   22.91   45.81   11.52   46.09 
ar= 13363.17   46.34   46.34   23.33   46.66    8.48   33.92 
ar= 12695.01   45.25   45.25   22.26   44.53   17.48   69.91 
ar= 12060.25   43.97   43.97   21.46   42.92   12.14   48.55 
ar= 11457.23   42.51   42.51   19.07   38.14   17.61   70.45 
ar= 10884.37   42.10   42.10   18.62   37.24    8.55   34.20 
ar= 10340.15   38.55   38.55   15.52   31.04    7.58   30.32 
ar=  9823.14   38.00   38.00   12.20   24.41    6.99   27.98 
ar=  9331.98   36.58   36.58   12.18   24.35    7.34   29.34 
ar=  8865.38   34.84   34.84   14.26   28.52    6.61   26.43 
ar=  8422.10   33.07   33.07   12.89   25.78    6.70   26.78 
ar=  8000.99   30.94   30.94   11.43   22.85    6.81   27.25 
ar=  7600.94   29.57   29.57   10.19   20.38    7.29   29.17 
ar=  7220.89   27.58   27.58   10.32   20.65    5.99   23.98 
ar=  6859.84   24.54   24.54    9.35   18.69    5.55   22.20 
ar=  6516.85   21.42   21.42    9.18   18.35    5.52   22.08 
ar=  6191.01   19.64   19.64    8.64   17.28    5.27   21.07 
ar=  5881.45   31.16   31.16    8.08   16.16    5.21   20.82 
ar=  5587.38   18.60   18.60    7.37   14.75    5.17   20.67 
ar=  5308.00   15.57   15.57    6.82   13.65    4.80   19.22 
ar=  5042.59   22.23   22.23    6.48   12.96    4.44   17.75 
ar=  4790.46   18.60   18.60    8.45   16.90    4.96   19.84 
ar=  4550.94   14.88   14.88    7.32   14.63    4.26   17.05 
ar=  4323.39   15.00   15.00    8.89   17.78    3.71   14.84 
ar=  4107.22   13.51   13.51    8.38   16.76    3.91   15.63 
ar=  3901.85   13.30   13.30    8.15   16.30    4.06   16.24 
ar=  3706.76   11.00   11.00    7.51   15.02    3.97   15.90 
ar=  3521.41   11.64   11.64    7.96   15.92    4.01   16.05 
ar=  3345.34   11.56   11.56    7.49   14.98    3.99   15.97 
ar=  3178.06   13.89   13.89    7.28   14.56    3.40   13.58 
ar=  3019.16   13.93   13.93    6.94   13.89    3.67   14.68 
ar=  2868.20   13.10   13.10    6.74   13.49    3.31   13.23 
ar=  2724.78   11.99   11.99    6.40   12.80    3.00   12.01 
ar=  2588.54   11.96   11.96    6.52   13.04    2.99   11.96 
ar=  2459.11   11.92   11.92    5.86   11.71    2.98   11.92 
ar=  2336.15   11.90   11.90    5.85   11.70    2.97   11.87 
ar=  2219.34   11.89   11.89    5.85   11.69    2.96   11.84 
ar=  2108.37   11.90   11.90    5.82   11.64    2.94   11.75 
ar=  2002.95   11.85   11.85    5.80   11.59    2.93   11.74 
ar=  1902.80   11.85   11.85    5.79   11.58    2.92   11.69 
ar=  1807.66   11.86   11.86    5.78   11.55    2.90   11.61 
ar=  1717.27   11.81   11.81    5.76   11.52    2.89   11.55 
ar=  1631.41   11.80   11.80    5.74   11.49    2.86   11.44 
ar=  1549.84   11.78   11.78    5.73   11.46    2.84   11.37 
ar=  1472.34   11.75   11.75    5.72   11.44    2.82   11.27 
ar=  1398.73   11.75   11.75    5.69   11.38    2.70   10.78 
ar=  1328.79   11.73   11.73    5.68   11.35    2.70   10.78 
ar=  1262.34   11.71   11.71    5.66   11.31    2.50   10.00 
ar=  1199.23   11.71   11.71    5.63   11.26    2.52   10.09 
ar=  1139.26   11.65   11.65    5.61   11.22    2.36    9.43 
ar=  1082.29   11.63   11.63    5.58   11.17    2.27    9.07 
ar=  1028.17   11.61   11.61    5.59   11.17    2.29    9.18 
ar=   976.76   11.56   11.56    5.38   10.75    2.00    8.00 
ar=   927.91   11.54   11.54    5.36   10.72    2.03    8.11 
ar=   881.52   11.52   11.52    5.31   10.62    1.74    6.95 
ar=   837.44   11.48   11.48    5.30   10.60    1.44    5.75 
ar=   795.56   11.44   11.44    4.99    9.97    1.47    5.89 
ar=   755.78   11.43   11.43    4.94    9.88    1.50    5.99 
ar=   717.99   11.40   11.40    5.32   10.63    1.20    4.82 
ar=   682.09   11.37   11.37    5.31   10.62    1.19    4.76 
ar=   647.98   11.32   11.32    4.93    9.86    1.22    4.86 
ar=   615.57   11.29   11.29    5.19   10.38    1.26    5.03 
ar=   584.79   11.24   11.24    4.11    8.21    1.25    5.00 
ar=   555.55   11.20   11.20    3.61    7.22    1.20    4.79 
ar=   527.77   11.16   11.16    3.76    7.53    1.29    5.15 
ar=   501.38   11.10   11.10    3.05    6.10    1.08    4.34 
ar=   476.30   10.69   10.69    2.68    5.35    1.35    5.39 
ar=   452.48   10.60   10.60    2.72    5.44    1.40    5.60 
ar=   429.86   10.46   10.46    3.13    6.26    0.91    3.64 
ar=   408.36   10.38   10.38    3.29    6.58    0.90    3.62 
ar=   387.94   10.31   10.31    3.40    6.80    0.90    3.61 
ar=   368.54   10.18   10.18    3.42    6.83    0.90    3.61 
ar=   350.11   10.06   10.06    3.55    7.10    0.90    3.62 
ar=   332.60    9.95    9.95    3.64    7.29    0.90    3.61 
ar=   315.97    9.21    9.21    2.40    4.81    0.90    3.62 
ar=   300.16    8.36    8.36    2.44    4.87    0.91    3.62 
ar=   285.15    7.82    7.82    2.45    4.91    0.91    3.63 
ar=   270.89    8.20    8.20    2.40    4.79    0.91    3.64 
ar=   257.34    7.18    7.18    2.48    4.95    0.91    3.63 
ar=   244.48    5.98    5.98    2.60    5.19    0.91    3.64 
ar=   232.25    4.30    4.30    2.64    5.29    0.91    3.64 
ar=   220.63    4.39    4.39    1.69    3.38    0.91    3.64 
ar=   209.59    3.37    3.37    1.69    3.38    0.91    3.62 
ar=   199.11    3.37    3.37    1.69    3.39    0.91    3.62 
ar=   189.15    3.37    3.37    1.70    3.39    0.91    3.63 
ar=   179.69    3.37    3.37    1.69    3.39    0.91    3.63 
ar=   170.70    3.37    3.37    1.69    3.38    0.92    3.67 
ar=   162.16    3.36    3.36    1.69    3.39    0.91    3.65 
ar=   154.05    3.37    3.37    1.70    3.40    0.89    3.54 
ar=   146.35    3.36    3.36    1.72    3.44    0.86    3.46 
ar=   139.03    3.37    3.37    1.72    3.45    0.73    2.91 
ar=   132.08    3.36    3.36    1.71    3.43    0.54    2.17 
ar=   125.47    3.36    3.36    1.70    3.39    0.39    1.56 
ar=   119.20    3.37    3.37    1.70    3.39    0.39    1.54 
ar=   113.23    3.36    3.36    1.70    3.39    0.38    1.54 
ar=   107.57    3.37    3.37    1.71    3.42    0.38    1.54 
ar=   102.19    3.37    3.37    1.71    3.42    0.38    1.54 
ar=    97.08    3.36    3.36    1.70    3.40    0.38    1.53 
ar=    92.22    3.37    3.37    1.70    3.40    0.38    1.54 
ar=    87.60    3.37    3.37    1.70    3.39    0.38    1.54 
ar=    83.22    3.38    3.38    1.70    3.41    0.39    1.54 
ar=    79.05    3.37    3.37    1.68    3.37    0.39    1.55 
ar=    75.10    3.37    3.37    1.64    3.28    0.39    1.55 
ar=    71.34    3.37    3.37    1.47    2.93    0.39    1.55 
ar=    67.77    3.38    3.38    1.17    2.34    0.39    1.55 
ar=    64.38    3.38    3.38    0.78    1.57    0.39    1.56 
ar=    61.16    3.37    3.37    0.71    1.43    0.39    1.56 
ar=    58.09    3.37    3.37    0.71    1.43    0.39    1.56 
ar=    55.19    3.38    3.38    0.72    1.43    0.39    1.58 
ar=    52.42    3.38    3.38    0.72    1.44    0.39    1.57 
ar=    49.80    3.38    3.38    0.72    1.43    0.39    1.57 
ar=    47.30    3.38    3.38    0.72    1.44    0.39    1.57 
ar=    44.94    3.38    3.38    0.72    1.44    0.39    1.57 
ar=    42.69    3.40    3.40    0.72    1.44    0.40    1.60 
ar=    40.55    3.38    3.38    0.72    1.44    0.40    1.61 
ar=    38.52    3.32    3.32    0.72    1.44    0.40    1.59 
ar=    36.59    3.20    3.20    0.72    1.44    0.40    1.59 
ar=    34.75    2.81    2.81    0.72    1.45    0.40    1.60 
ar=    33.01    1.98    1.98    0.73    1.45    0.40    1.60 
ar=    31.35    1.42    1.42    0.73    1.45    0.40    1.61 
ar=    29.78    1.44    1.44    0.73    1.45    0.40    1.61 
ar=    28.29    1.44    1.44    0.73    1.46    0.41    1.63 
ar=    26.87    1.43    1.43    0.73    1.46    0.40    1.58 
ar=    25.52    1.45    1.45    0.73    1.47    0.40    1.60 
ar=    24.24    1.43    1.43    0.73    1.47    0.40    1.62 
ar=    23.02    1.43    1.43    0.74    1.47    0.41    1.63 
ar=    21.87    1.44    1.44    0.74    1.48    0.41    1.66 
ar=    20.77    1.44    1.44    0.74    1.48    0.41    1.66 
ar=    19.73    1.44    1.44    0.74    1.48    0.39    1.54 
ar=    18.74    1.44    1.44    0.74    1.49    0.21    0.83 
ar=    17.80    1.44    1.44    0.75    1.49    0.42    1.69 
ar=    16.91    1.45    1.45    0.75    1.50    0.18    0.71 
ar=    16.06    1.45    1.45    0.75    1.50    0.17    0.68 
